step,type,amount,nameOrig,oldbalanceOrg,newbalanceOrig,nameDest,oldbalanceDest,newbalanceDest,isFraud,isFlaggedFraud
40,CASH_OUT,355952.68,C290597282,0.0,0.0,C1140165110,991554.27,1347506.96,0,0
40,CASH_OUT,52011.89,C42546182,0.0,0.0,C350610730,191109.02,243120.91,0,0
40,CASH_OUT,235401.17,C1330922069,0.0,0.0,C772406271,8453205.24,8688606.41,0,0
40,CASH_OUT,171667.24,C683572274,0.0,0.0,C487249044,612491.22,784158.46,0,0
40,CASH_OUT,118855.3,C681660350,0.0,0.0,C1584207980,1060154.74,1179010.03,0,0
40,CASH_OUT,293809.28,C1673754536,0.0,0.0,C1436838899,860606.23,1154415.5,0,0
40,CASH_OUT,12378.21,C241747823,0.0,0.0,C1218860489,301446.0,0.0,0,0
40,CASH_OUT,18580.24,C1433171324,0.0,0.0,C99863928,2071124.95,2089705.19,0,0
40,CASH_OUT,64318.23,C1997675728,0.0,0.0,C1464346730,125328.59,189646.82,0,0
40,CASH_OUT,4376.91,C261376941,0.0,0.0,C384822287,18621.74,22998.65,0,0
40,CASH_OUT,65180.49,C1200596623,0.0,0.0,C2083657340,82205.79,147386.28,0,0
40,CASH_OUT,76786.09,C1904147607,0.0,0.0,C2060432720,468635.84,545421.93,0,0
40,CASH_OUT,47638.52,C384670452,0.0,0.0,C1005652717,3283115.67,3330754.2,0,0
40,CASH_OUT,73042.39,C998863527,0.0,0.0,C806794734,118300.96,191343.35,0,0
40,CASH_OUT,64953.35,C17301639,0.0,0.0,C519651370,615786.48,680739.82,0,0
40,CASH_OUT,283695.29,C118804085,0.0,0.0,C1466073198,3964994.08,4146815.86,0,0
40,CASH_OUT,25916.34,C2102709849,0.0,0.0,C2069151008,264878.12,290794.46,0,0
40,CASH_OUT,146465.46,C230201118,0.0,0.0,C758409827,1137739.52,1284204.98,0,0
40,CASH_OUT,186662.44,C1282781718,0.0,0.0,C1558825448,642536.97,829199.41,0,0
40,CASH_OUT,214084.02,C1840495243,0.0,0.0,C548919903,266616.99,480701.01,0,0
40,CASH_OUT,178890.95,C911116130,0.0,0.0,C1867101135,325068.56,503959.51,0,0
40,CASH_OUT,93845.03,C2131224274,21944.0,0.0,C1465585418,83739.81,177584.83,0,0
40,PAYMENT,5868.3,C503516710,11811.0,5942.7,M1846843535,0.0,0.0,0,0
40,CASH_OUT,5267.07,C740517816,370.0,0.0,C1180486169,4120865.01,4126132.09,0,0
40,TRANSFER,882330.66,C1817327000,136.0,0.0,C846898767,2284508.41,3166839.07,0,0
40,PAYMENT,6306.36,C1789289482,0.0,0.0,M540825905,0.0,0.0,0,0
40,PAYMENT,7072.51,C395699241,0.0,0.0,M1779891638,0.0,0.0,0,0
40,PAYMENT,11845.45,C868831946,0.0,0.0,M1912496211,0.0,0.0,0,0
40,PAYMENT,4772.65,C1232238313,0.0,0.0,M349489468,0.0,0.0,0,0
40,PAYMENT,11008.03,C1836226158,0.0,0.0,M1863094123,0.0,0.0,0,0
40,PAYMENT,3812.8,C890468701,0.0,0.0,M121428970,0.0,0.0,0,0
40,PAYMENT,2671.19,C2122644613,741.0,0.0,M1979208681,0.0,0.0,0,0
40,PAYMENT,31371.18,C1527715226,116276.0,84904.82,M973960858,0.0,0.0,0,0
40,CASH_OUT,286475.99,C1664406922,144887.0,0.0,C1809737548,0.0,286475.99,0,0
40,CASH_IN,420732.26,C1424274718,45104.0,465836.26,C1188786458,2550064.94,2031960.2,0,0
40,TRANSFER,131316.11,C2003098077,465836.26,334520.15,C1165582256,431932.5,563248.61,0,0
40,TRANSFER,98976.2,C638371853,334520.15,235543.94,C1811809404,482995.14,581971.35,0,0
40,TRANSFER,1972460.14,C1674691011,235543.94,0.0,C646774721,7188507.42,9262474.89,0,0
40,TRANSFER,967546.49,C317510882,0.0,0.0,C95735313,1008163.07,2558616.02,0,0
40,TRANSFER,75505.78,C1125604691,0.0,0.0,C1815509870,4472873.42,4548379.2,0,0
40,TRANSFER,6971.72,C60533148,0.0,0.0,C1670402568,2523372.85,2697096.4,0,0
40,TRANSFER,35110.4,C1848225781,0.0,0.0,C114118966,1107977.45,1143087.85,0,0
40,TRANSFER,56810.26,C446049558,0.0,0.0,C2037901313,3395209.09,3452019.35,0,0
40,TRANSFER,87301.02,C1662125778,0.0,0.0,C28306668,1822465.62,1889603.04,0,0
40,TRANSFER,208057.96,C1025213541,0.0,0.0,C1833848332,1403424.7,1611482.66,0,0
40,TRANSFER,243131.46,C510579252,0.0,0.0,C1958878239,785500.87,1028632.33,0,0
40,TRANSFER,30649.69,C901493362,0.0,0.0,C2145041211,1732529.15,1763178.84,0,0
40,TRANSFER,278229.05,C1189873281,0.0,0.0,C299689367,441104.46,719333.51,0,0
40,CASH_IN,87737.72,C657824405,480.0,88217.72,C1211239568,5502.72,0.0,0,0
40,PAYMENT,39474.97,C1336017717,102.0,0.0,M660738193,0.0,0.0,0,0
40,CASH_OUT,139740.92,C27050738,758.0,0.0,C327556864,11565.0,0.0,0,0
40,CASH_OUT,485952.84,C175509862,796735.0,310782.16,C2117594124,90568.59,576521.43,0,0
40,CASH_OUT,212815.0,C1427243190,5564.0,0.0,C1483822801,374561.27,587376.27,0,0
40,PAYMENT,3902.61,C1656972317,0.0,0.0,M95396325,0.0,0.0,0,0
40,CASH_OUT,209337.2,C1072200983,15000.0,0.0,C192596346,0.0,209337.2,0,0
40,CASH_OUT,31193.19,C2059062764,2168.0,0.0,C1487000383,269825.32,301018.51,0,0
40,CASH_IN,530445.71,C60865834,6083.0,536528.71,C1781525471,742450.87,212005.16,0,0
40,CASH_OUT,46777.84,C2071499826,1046.0,0.0,C841897822,20900.0,63913.96,0,0
40,PAYMENT,4180.92,C126115471,0.0,0.0,M729626174,0.0,0.0,0,0
40,PAYMENT,16804.28,C758286230,198198.0,181393.72,M307515142,0.0,0.0,0,0
40,CASH_OUT,53040.17,C931208165,181393.72,128353.55,C670342028,1849177.58,2224497.48,0,0
40,PAYMENT,16076.29,C1963919341,108127.0,92050.71,M1278746861,0.0,0.0,0,0
40,CASH_OUT,454198.12,C2091149843,1931.0,0.0,C1889008307,276639.79,730837.91,0,0
40,CASH_OUT,111832.27,C1128597585,286.0,0.0,C1018765,2202809.82,2314642.09,0,0
40,PAYMENT,20089.0,C1324896187,0.0,0.0,M1137324481,0.0,0.0,0,0
40,PAYMENT,18255.48,C476135257,382432.0,364176.52,M2005777156,0.0,0.0,0,0
40,PAYMENT,7775.18,C2072295385,364176.52,356401.34,M1775420753,0.0,0.0,0,0
40,CASH_OUT,126663.47,C2086446277,66460.0,0.0,C268655949,179836.0,306499.47,0,0
40,PAYMENT,21613.82,C1720935889,71758.0,50144.18,M955727013,0.0,0.0,0,0
40,CASH_OUT,188349.19,C1206951591,94582.0,0.0,C469429787,0.0,188349.19,0,0
40,PAYMENT,4425.3,C1578328080,0.0,0.0,M601041902,0.0,0.0,0,0
40,CASH_IN,232779.91,C583022885,736884.0,969663.91,C1014607150,3767329.72,3534549.81,0,0
40,CASH_OUT,349089.36,C1627819644,969663.91,620574.55,C1195055237,2189750.13,2538839.49,0,0
40,CASH_OUT,98044.54,C609251756,620574.55,522530.01,C473895900,328037.51,426082.05,0,0
40,CASH_OUT,113753.61,C518431379,522530.01,408776.41,C1672845778,1588777.5,1853973.29,0,0
40,CASH_OUT,44524.72,C1028438395,408776.41,364251.69,C373928166,5660223.76,5916460.31,0,0
40,CASH_OUT,105576.79,C1751954880,364251.69,258674.9,C1876522309,131756.99,237333.78,0,0
40,CASH_OUT,65660.81,C1326867568,258674.9,193014.09,C1428794872,907922.88,973583.69,0,0
40,CASH_OUT,357961.65,C1691329851,193014.09,0.0,C1281065736,2648312.46,3006274.12,0,0
40,CASH_OUT,109999.53,C1016090552,0.0,0.0,C1809228102,2064986.85,2467307.43,0,0
40,CASH_OUT,231545.16,C836710239,0.0,0.0,C1312860162,1954284.31,1888564.49,0,0
40,CASH_OUT,234530.38,C1293351152,0.0,0.0,C251155815,4487783.01,4722313.39,0,0
40,CASH_OUT,88887.36,C1424587284,0.0,0.0,C1713181322,339444.95,270172.28,0,0
40,CASH_OUT,54513.2,C1782186686,0.0,0.0,C1297830746,2021344.04,2075857.25,0,0
40,CASH_OUT,274354.67,C576154993,0.0,0.0,C1099073452,9408653.6,9683008.27,0,0
40,CASH_OUT,33886.42,C1492959411,0.0,0.0,C1055424374,1145160.64,1179047.06,0,0
40,CASH_OUT,73153.26,C1197090914,0.0,0.0,C1347628509,418667.16,491820.42,0,0
40,CASH_OUT,655064.26,C2102390213,0.0,0.0,C725400620,4186335.65,4841399.91,0,0
40,CASH_OUT,271581.86,C1693068280,0.0,0.0,C217803711,1041219.9,1312801.77,0,0
40,CASH_OUT,305890.5,C1521321614,0.0,0.0,C364987339,940570.53,1246461.03,0,0
40,CASH_OUT,1862.5,C1285733505,0.0,0.0,C587398529,308129.8,309992.3,0,0
40,CASH_OUT,320531.28,C1308705045,0.0,0.0,C635060150,1620853.79,1941385.07,0,0
40,CASH_OUT,88766.39,C2072057542,0.0,0.0,C1297348908,135126.03,223892.41,0,0
40,CASH_OUT,301630.62,C1303279310,0.0,0.0,C2028512226,5028579.91,5330210.53,0,0
40,CASH_OUT,157060.48,C338795854,0.0,0.0,C1960545452,604811.97,761872.46,0,0
40,CASH_OUT,65855.02,C1350336308,0.0,0.0,C1348638615,1430320.47,1496175.49,0,0
40,CASH_IN,99817.37,C590898395,72035.0,171852.37,C89052865,0.0,0.0,0,0
40,PAYMENT,21119.1,C496926324,127.0,0.0,M98392932,0.0,0.0,0,0
40,PAYMENT,10760.72,C921370932,40336.0,29575.28,M1444263310,0.0,0.0,0,0
40,PAYMENT,14152.13,C940969190,29575.28,15423.16,M1476359931,0.0,0.0,0,0
40,CASH_OUT,94373.08,C972238737,165883.0,71509.92,C331063127,5521.48,100865.66,0,0
40,CASH_OUT,50806.39,C1118917860,1000.0,0.0,C1803726626,413596.15,464402.54,0,0
40,CASH_OUT,131801.17,C1246232936,0.0,0.0,C1100767002,5850689.52,5982490.69,0,0
40,CASH_OUT,126867.68,C1714220660,0.0,0.0,C423583818,6404395.83,6830413.09,0,0
40,CASH_OUT,59624.81,C1174653575,86.0,0.0,C1865306536,36278.42,95903.23,0,0
40,CASH_OUT,109681.3,C241021143,0.0,0.0,C638274923,913348.02,1023029.32,0,0
40,CASH_OUT,101085.14,C68461365,0.0,0.0,C954768756,326075.99,427161.12,0,0
40,CASH_OUT,127420.24,C88777357,0.0,0.0,C1069131391,4562921.41,4690341.65,0,0
40,CASH_OUT,273842.42,C1573197649,0.0,0.0,C1674513830,7949270.2,8223112.62,0,0
40,CASH_OUT,143345.64,C1048432438,0.0,0.0,C927783331,1787082.79,1930428.42,0,0
40,CASH_OUT,158888.19,C525455047,0.0,0.0,C1707586213,635906.41,794794.6,0,0
40,CASH_OUT,295417.19,C1340037482,0.0,0.0,C79780719,7061650.18,7357067.37,0,0
40,CASH_OUT,98884.85,C987078751,0.0,0.0,C579634511,1315726.35,1414611.2,0,0
40,CASH_OUT,144952.42,C1778502732,0.0,0.0,C1177742084,7540111.96,7685064.39,0,0
40,CASH_OUT,83049.68,C2075594813,0.0,0.0,C1157575644,5514108.2,6015489.79,0,0
40,CASH_OUT,80092.85,C1318457896,0.0,0.0,C749745523,2635486.92,2715579.77,0,0
40,CASH_OUT,64650.83,C1498842365,0.0,0.0,C1162660340,377914.84,442565.68,0,0
40,CASH_OUT,44432.79,C1028739127,0.0,0.0,C974825713,3495524.62,3717733.5,0,0
40,CASH_OUT,121931.51,C2116323672,0.0,0.0,C1496254520,629906.67,751838.19,0,0
40,CASH_OUT,137104.98,C6144998,0.0,0.0,C1155131760,355437.89,492542.87,0,0
40,CASH_OUT,93290.21,C1833029244,0.0,0.0,C1056792214,534293.09,627583.3,0,0
40,CASH_OUT,62104.97,C1520888587,0.0,0.0,C57226299,374868.37,436973.34,0,0
40,CASH_OUT,61450.88,C1234766,0.0,0.0,C1467161726,154687.26,216138.14,0,0
40,CASH_OUT,235895.6,C1849583193,0.0,0.0,C1071445573,3608961.08,3844856.68,0,0
40,CASH_OUT,120636.88,C233797580,0.0,0.0,C2059996587,4816514.54,4937151.42,0,0
40,CASH_OUT,187863.32,C1627139017,0.0,0.0,C993553319,3634731.22,3822594.55,0,0
40,CASH_OUT,340310.36,C1992435775,0.0,0.0,C90810322,3651613.73,4389813.95,0,0
40,CASH_OUT,157220.85,C1800639504,0.0,0.0,C228485764,159174.57,234120.58,0,0
40,CASH_OUT,92379.51,C502587297,0.0,0.0,C1113205579,1047791.64,1140171.16,0,0
40,CASH_OUT,232712.03,C483855797,0.0,0.0,C1893450426,1264163.64,1496875.66,0,0
40,CASH_OUT,192406.37,C2075352512,0.0,0.0,C307838402,1008730.26,1201136.64,0,0
40,CASH_OUT,146918.21,C213362098,0.0,0.0,C1785924374,538290.43,685208.64,0,0
40,CASH_OUT,112535.64,C931494482,0.0,0.0,C1959549598,386805.03,499340.67,0,0
40,CASH_OUT,2580.12,C328950706,0.0,0.0,C1036303249,1133265.16,1135845.27,0,0
40,CASH_OUT,717479.69,C1923576156,0.0,0.0,C1652387800,7392276.18,8109755.87,0,0
40,CASH_OUT,18913.16,C1133297807,0.0,0.0,C1169824058,1359861.31,1378774.47,0,0
40,CASH_OUT,427616.61,C1606907206,0.0,0.0,C378098805,3293486.59,3721103.2,0,0
40,CASH_OUT,238404.22,C386468863,0.0,0.0,C424348606,3403542.33,4069215.76,0,0
40,CASH_OUT,213596.53,C1592636883,0.0,0.0,C1788768048,730774.13,952297.32,0,0
40,CASH_IN,97543.76,C2067832377,5728.0,103271.76,C1186474860,0.0,0.0,0,0
40,CASH_OUT,161377.86,C524921170,665.0,0.0,C1271416454,0.0,161377.86,0,0
40,CASH_OUT,273782.3,C1077944247,4078.0,0.0,C1286364674,179.0,237950.76,0,0
40,CASH_OUT,203412.15,C1940941121,61075.0,0.0,C1146418439,0.0,203412.15,0,0
40,CASH_OUT,220974.57,C218005592,0.0,0.0,C1803533382,250836.59,471811.16,0,0
40,CASH_OUT,274004.45,C1580182444,10064.0,0.0,C2108571576,0.0,274004.45,0,0
40,CASH_IN,225775.04,C508738169,20499.0,246274.04,C237467600,1260289.02,1034513.98,0,0
40,PAYMENT,16253.17,C1851273875,81557.0,65303.83,M383550272,0.0,0.0,0,0
40,CASH_IN,73311.06,C898447612,11050.0,84361.06,C252608694,102538.0,0.0,0,0
40,PAYMENT,13812.67,C1040698694,84361.06,70548.39,M291810495,0.0,0.0,0,0
40,CASH_IN,79339.02,C1666251600,573.0,79912.02,C1849518763,0.0,0.0,0,0
40,CASH_OUT,43190.13,C1061578014,79912.02,36721.89,C2032253012,666639.53,709829.67,0,0
40,CASH_OUT,81501.07,C1059844685,103633.0,22131.93,C252138225,0.0,81501.07,0,0
40,PAYMENT,15225.57,C194945091,11011.0,0.0,M1878016027,0.0,0.0,0,0
40,CASH_OUT,265694.28,C1670559342,11262.0,0.0,C2056277752,63783.21,329477.49,0,0
40,CASH_OUT,56140.82,C55286219,11.0,0.0,C1622470715,136377.08,192517.9,0,0
40,CASH_OUT,31082.36,C2108276057,0.0,0.0,C526281556,389918.98,199116.7,0,0
40,CASH_IN,84951.51,C280287855,531.0,85482.51,C548497314,4662769.73,6171445.29,0,0
40,CASH_OUT,322610.39,C1717776337,19562.0,0.0,C1831048333,0.0,322610.39,0,0
40,CASH_OUT,53441.29,C968451863,30487.0,0.0,C75377801,2578925.94,2632367.22,0,0
40,CASH_OUT,107021.13,C164255244,16841.0,0.0,C1037655332,484708.83,591729.96,0,0
40,CASH_IN,402159.56,C1067160312,107.0,402266.56,C1426166078,0.0,0.0,0,0
40,TRANSFER,252604.75,C1090072445,26116.0,0.0,C1353434016,221268.99,473873.74,0,0
40,CASH_OUT,155110.23,C847935914,13675.0,0.0,C1870703393,0.0,155110.23,0,0
40,PAYMENT,12748.65,C1772823489,0.0,0.0,M172253278,0.0,0.0,0,0
40,PAYMENT,11743.19,C55518380,0.0,0.0,M1659460166,0.0,0.0,0,0
40,PAYMENT,12349.42,C1391249649,0.0,0.0,M2072183906,0.0,0.0,0,0
40,PAYMENT,5083.27,C18036218,0.0,0.0,M687891700,0.0,0.0,0,0
40,PAYMENT,5221.21,C488606309,0.0,0.0,M2119970224,0.0,0.0,0,0
40,PAYMENT,877.49,C1719171940,0.0,0.0,M1282770075,0.0,0.0,0,0
40,PAYMENT,1271.0,C760771538,0.0,0.0,M855046756,0.0,0.0,0,0
40,PAYMENT,2439.75,C393217029,0.0,0.0,M2000751404,0.0,0.0,0,0
40,CASH_IN,19534.85,C434708725,418502.0,438036.85,C76713963,0.0,0.0,0,0
40,CASH_OUT,463741.26,C474602614,204.0,0.0,C600002747,691338.49,1155079.75,0,0
40,CASH_IN,71358.21,C193901526,298131.14,369489.35,C240959333,227632.24,156274.03,0,0
40,CASH_OUT,40264.27,C1961476576,369489.35,329225.09,C318083857,2883421.55,2923685.82,0,0
40,CASH_OUT,153677.58,C609724672,329225.09,175547.51,C1609796487,348204.37,501881.95,0,0
40,CASH_OUT,108819.43,C1982819216,175547.51,66728.08,C331947362,358925.45,845876.09,0,0
40,CASH_OUT,58854.66,C138503808,66728.08,7873.42,C1487539531,402700.26,461554.93,0,0
40,CASH_OUT,43644.86,C849170601,7873.42,0.0,C567089592,1482564.23,1526209.09,0,0
40,CASH_OUT,238274.25,C723251283,0.0,0.0,C476429811,353901.35,592175.6,0,0
40,CASH_OUT,118302.77,C652569931,0.0,0.0,C220253404,285698.19,404000.96,0,0
40,CASH_OUT,245048.88,C622029425,0.0,0.0,C786950956,1212191.62,1457240.5,0,0
40,CASH_OUT,151996.38,C2102619746,0.0,0.0,C1257520106,1411581.34,1563577.73,0,0
40,CASH_OUT,74405.87,C155095283,0.0,0.0,C511450367,1821723.64,2003761.66,0,0
40,CASH_OUT,205897.22,C71056298,0.0,0.0,C1263973557,3513125.36,3719022.57,0,0
40,CASH_OUT,354797.17,C985831870,0.0,0.0,C276082640,377175.69,731972.86,0,0
40,CASH_OUT,98325.29,C1543819514,0.0,0.0,C231037736,2962101.23,3060426.52,0,0
40,CASH_OUT,165224.15,C566258305,0.0,0.0,C1786394102,1104138.72,1425961.83,0,0
40,CASH_OUT,249718.02,C1153754232,0.0,0.0,C1601850161,2917068.71,3166786.73,0,0
40,CASH_OUT,59283.55,C1785043511,0.0,0.0,C553432448,515779.35,564682.58,0,0
40,CASH_OUT,308226.02,C278664321,7835.0,0.0,C575335780,2274348.79,2582574.8,0,0
40,PAYMENT,21887.6,C841670769,0.0,0.0,M1361978728,0.0,0.0,0,0
40,PAYMENT,17602.09,C400337240,31370.0,13767.91,M1729404734,0.0,0.0,0,0
40,TRANSFER,1104339.88,C39375557,20247.0,0.0,C825936647,20277.49,1124617.37,0,0
40,CASH_IN,117942.71,C587051651,37798.0,155740.71,C97813147,90280.54,0.0,0,0
40,CASH_OUT,163776.41,C1343838701,155740.71,0.0,C1671616840,28057902.84,28229455.59,0,0
40,CASH_IN,388185.02,C322421183,95529.0,483714.02,C1199547225,0.0,0.0,0,0
40,CASH_OUT,133981.65,C1463678950,483714.02,349732.37,C532593878,2271599.71,2405581.36,0,0
40,CASH_OUT,29677.76,C404434472,60090.0,30412.24,C1334686900,0.0,29677.76,0,0
40,PAYMENT,8412.33,C47700727,29892.0,21479.67,M792774955,0.0,0.0,0,0
40,PAYMENT,17903.52,C402295266,560.0,0.0,M1456574299,0.0,0.0,0,0
40,CASH_IN,60220.19,C1793976084,31275.0,91495.19,C752759716,566578.79,506358.6,0,0
40,PAYMENT,13764.83,C1137537779,125.0,0.0,M12277489,0.0,0.0,0,0
40,PAYMENT,33839.21,C1523235562,201053.0,167213.79,M1595548640,0.0,0.0,0,0
40,TRANSFER,467275.82,C2003343386,10609.0,0.0,C1431472117,201340.44,668616.26,0,0
40,PAYMENT,1558.65,C759055576,0.0,0.0,M573355647,0.0,0.0,0,0
40,CASH_IN,226436.28,C749180153,10479.0,236915.28,C1205778973,0.0,0.0,0,0
40,CASH_OUT,282712.21,C524050751,9959.0,0.0,C2145279873,28628.34,311340.55,0,0
40,PAYMENT,27423.01,C1090252420,57052.0,29628.99,M119748522,0.0,0.0,0,0
40,TRANSFER,1878574.29,C397634539,29628.99,0.0,C82276958,7118236.27,8996810.56,0,0
40,TRANSFER,450521.71,C1811600827,0.0,0.0,C365826147,1435433.67,1885955.37,0,0
40,TRANSFER,851909.29,C1961527694,0.0,0.0,C1422643114,1052916.04,1904825.33,0,0
40,TRANSFER,216386.64,C1785364190,0.0,0.0,C1180442376,663439.01,879825.65,0,0
40,TRANSFER,84184.23,C1720364107,0.0,0.0,C291388933,1455021.69,1981444.39,0,0
40,TRANSFER,215402.46,C1541470764,0.0,0.0,C364890078,244569.04,459971.5,0,0
40,TRANSFER,304585.35,C2070326823,0.0,0.0,C383403011,2307248.95,2611834.31,0,0
40,TRANSFER,233073.18,C1120121627,0.0,0.0,C819102712,908952.62,1142025.8,0,0
40,TRANSFER,11458.34,C1897441276,0.0,0.0,C767869597,6895790.99,7105290.59,0,0
40,TRANSFER,271411.83,C762643049,0.0,0.0,C1972174610,389587.29,660999.11,0,0
40,CASH_OUT,33998.75,C1663862390,167162.0,133163.25,C1857132023,0.0,50345.36,0,0
40,CASH_OUT,299683.48,C1009302115,9121.0,0.0,C144958265,0.0,511819.62,0,0
40,CASH_OUT,112528.52,C146529629,1064.0,0.0,C132379888,2515821.16,2628349.69,0,0
40,CASH_OUT,208469.72,C223928425,0.0,0.0,C1190899288,3865076.14,4073545.85,0,0
40,CASH_OUT,206685.2,C172017794,6373.0,0.0,C150997425,2050451.8,2257136.99,0,0
40,PAYMENT,4240.07,C1942130699,30900.0,26659.93,M633731611,0.0,0.0,0,0
40,CASH_IN,155340.61,C1867779426,575.0,155915.61,C1709983447,0.0,0.0,0,0
40,CASH_OUT,140089.9,C1667026130,155915.61,15825.7,C2092703869,256958.89,484326.43,0,0
40,PAYMENT,11668.33,C75061882,16453.0,4784.67,M241597900,0.0,0.0,0,0
40,PAYMENT,9525.84,C1091980927,31344.0,21818.16,M1143550163,0.0,0.0,0,0
40,CASH_OUT,228227.46,C181209254,42955.0,0.0,C408902404,0.0,228227.46,0,0
40,PAYMENT,1290.49,C939035694,48352.0,47061.51,M1156471064,0.0,0.0,0,0
40,CASH_OUT,285993.87,C1238128382,2134.0,0.0,C926654188,764705.5,1050699.37,0,0
40,CASH_OUT,78492.13,C732364633,30814.0,0.0,C139784625,0.0,313489.67,0,0
40,CASH_OUT,165858.65,C1489805311,26103.0,0.0,C1944968384,324484.62,667770.98,0,0
40,CASH_OUT,272824.8,C1859926887,0.0,0.0,C211196231,646488.95,919313.75,0,0
40,DEBIT,1702.08,C1158478820,4155.0,2452.92,C1033165187,75101.06,76803.14,0,0
40,PAYMENT,18975.86,C1498191915,2452.92,0.0,M1707329434,0.0,0.0,0,0
40,PAYMENT,3378.11,C1791745862,0.0,0.0,M1211812384,0.0,0.0,0,0
40,PAYMENT,4958.62,C1972018892,0.0,0.0,M244214000,0.0,0.0,0,0
40,PAYMENT,16550.53,C973846408,0.0,0.0,M612237603,0.0,0.0,0,0
40,PAYMENT,10712.26,C94607262,0.0,0.0,M2014819890,0.0,0.0,0,0
40,PAYMENT,16447.96,C524810575,0.0,0.0,M1264878749,0.0,0.0,0,0
40,PAYMENT,8943.8,C1382212872,0.0,0.0,M385974096,0.0,0.0,0,0
40,PAYMENT,7468.99,C925659518,0.0,0.0,M1484999530,0.0,0.0,0,0
40,PAYMENT,4680.98,C487370711,0.0,0.0,M32225497,0.0,0.0,0,0
40,PAYMENT,3827.0,C1436061211,0.0,0.0,M386025433,0.0,0.0,0,0
40,PAYMENT,2367.6,C1871192313,0.0,0.0,M863592609,0.0,0.0,0,0
40,PAYMENT,4791.52,C570480771,0.0,0.0,M658079637,0.0,0.0,0,0
40,PAYMENT,14782.48,C152570979,0.0,0.0,M1906055561,0.0,0.0,0,0
40,PAYMENT,4746.93,C1442579449,0.0,0.0,M961878788,0.0,0.0,0,0
40,PAYMENT,9757.85,C1894216537,0.0,0.0,M1638296733,0.0,0.0,0,0
40,PAYMENT,21213.45,C1425037467,0.0,0.0,M1173152826,0.0,0.0,0,0
40,PAYMENT,38638.3,C240794213,0.0,0.0,M1548385719,0.0,0.0,0,0
40,PAYMENT,25149.77,C178836005,0.0,0.0,M684141182,0.0,0.0,0,0
40,PAYMENT,2250.83,C2006033425,0.0,0.0,M2025441425,0.0,0.0,0,0
40,CASH_IN,437569.83,C885789785,434403.51,871973.33,C2077777540,3063673.03,2626103.2,0,0
40,PAYMENT,8184.7,C633949284,871973.33,863788.63,M1602409952,0.0,0.0,0,0
40,CASH_OUT,259549.58,C1766421441,51920.0,0.0,C634519844,4015.07,59725.28,0,0
40,CASH_OUT,145677.18,C1039391853,20598.0,0.0,C1622534861,558663.34,704340.52,0,0
40,PAYMENT,15483.01,C1379278299,0.0,0.0,M466808744,0.0,0.0,0,0
40,PAYMENT,5377.8,C967266408,0.0,0.0,M437580677,0.0,0.0,0,0
40,PAYMENT,10028.83,C2016345561,0.0,0.0,M1955459803,0.0,0.0,0,0
40,PAYMENT,7296.71,C2007681074,0.0,0.0,M1243583897,0.0,0.0,0,0
40,PAYMENT,4288.24,C1171286326,0.0,0.0,M1590710397,0.0,0.0,0,0
40,PAYMENT,1516.9,C2132469965,0.0,0.0,M1226770922,0.0,0.0,0,0
40,PAYMENT,6463.59,C255873062,0.0,0.0,M1406122507,0.0,0.0,0,0
40,PAYMENT,3130.69,C2067495999,0.0,0.0,M1247443691,0.0,0.0,0,0
40,PAYMENT,1084.08,C1201066726,0.0,0.0,M1764173821,0.0,0.0,0,0
40,PAYMENT,16714.96,C1230857314,0.0,0.0,M1347011200,0.0,0.0,0,0
40,PAYMENT,1798.07,C565787533,0.0,0.0,M1903290504,0.0,0.0,0,0
40,PAYMENT,18595.05,C1403911344,0.0,0.0,M1299081607,0.0,0.0,0,0
40,PAYMENT,6039.41,C635651828,0.0,0.0,M1537793896,0.0,0.0,0,0
40,PAYMENT,386.19,C1742528721,0.0,0.0,M1497407484,0.0,0.0,0,0
40,PAYMENT,27826.3,C1722529478,0.0,0.0,M2078631652,0.0,0.0,0,0
40,PAYMENT,10291.57,C2076166945,0.0,0.0,M652018901,0.0,0.0,0,0
40,PAYMENT,21437.91,C494635854,0.0,0.0,M1299782723,0.0,0.0,0,0
40,PAYMENT,28270.49,C1209671694,0.0,0.0,M112164468,0.0,0.0,0,0
40,PAYMENT,8732.1,C1196401684,0.0,0.0,M1121002426,0.0,0.0,0,0
40,PAYMENT,6634.45,C1532129726,0.0,0.0,M645134462,0.0,0.0,0,0
40,PAYMENT,3113.56,C480679840,0.0,0.0,M1461828477,0.0,0.0,0,0
40,PAYMENT,6716.24,C523698086,5002.0,0.0,M641680438,0.0,0.0,0,0
40,CASH_OUT,90058.61,C244112582,22726.0,0.0,C480215965,11077.0,85552.37,0,0
40,PAYMENT,6630.87,C1420588089,46040.0,39409.13,M2093968069,0.0,0.0,0,0
40,CASH_OUT,223400.86,C546148254,99339.0,0.0,C257931302,0.0,517535.32,0,0
40,PAYMENT,19491.77,C1217334693,50225.0,30733.23,M2134226225,0.0,0.0,0,0
40,CASH_OUT,61853.62,C2024501584,13830.0,0.0,C603655072,22918.73,309382.26,0,0
40,PAYMENT,3567.11,C873914532,0.0,0.0,M79966630,0.0,0.0,0,0
40,TRANSFER,876520.39,C1443528754,10770.0,0.0,C986141222,0.0,876520.39,0,0
40,TRANSFER,230917.14,C1971866194,62961.0,0.0,C107881861,67399.13,298316.27,0,0
40,PAYMENT,4456.65,C1989711751,0.0,0.0,M1400164851,0.0,0.0,0,0
40,CASH_IN,37615.13,C1375588543,22150.0,59765.13,C966461989,85087.15,47472.03,0,0
40,CASH_IN,444873.67,C1712380424,154523.0,599396.67,C1174940699,763834.1,318960.43,0,0
40,CASH_OUT,94789.49,C1418092002,507476.0,412686.51,C24466545,1435248.59,1584933.07,0,0
40,CASH_OUT,137109.21,C554235336,749.0,0.0,C1552929825,3840154.52,3977263.74,0,0
40,PAYMENT,24521.69,C516927870,36657.0,12135.31,M2129651765,0.0,0.0,0,0
40,TRANSFER,412746.59,C408998727,51493.0,0.0,C1708756318,856929.73,1269676.32,0,0
40,CASH_OUT,192760.16,C2116076342,5573.0,0.0,C1321206255,0.0,244252.44,0,0
40,PAYMENT,25452.41,C487053773,66595.0,41142.59,M472392728,0.0,0.0,0,0
40,TRANSFER,56962.0,C46937649,32377.0,0.0,C1279831179,5066279.8,5123241.8,0,0
40,PAYMENT,10089.56,C2047704109,653441.0,643351.44,M1499929360,0.0,0.0,0,0
40,PAYMENT,6786.68,C70450368,40260.0,33473.32,M1730953161,0.0,0.0,0,0
40,TRANSFER,88848.65,C1985071893,17096.0,0.0,C1680273696,222230.76,311079.41,0,0
40,CASH_IN,93560.8,C395309396,20149.0,113709.8,C1217206140,5461737.14,5368176.33,0,0
40,PAYMENT,32120.7,C80268185,129304.0,97183.3,M35417790,0.0,0.0,0,0
40,PAYMENT,24471.1,C2053964939,51.0,0.0,M310403011,0.0,0.0,0,0
40,PAYMENT,10866.57,C1347869193,0.0,0.0,M836646691,0.0,0.0,0,0
40,PAYMENT,21883.28,C595928271,0.0,0.0,M862656827,0.0,0.0,0,0
40,CASH_OUT,188418.25,C1435179981,11515.0,0.0,C2123307770,491708.9,680127.14,0,0
40,CASH_OUT,364621.18,C355223920,16762.0,0.0,C1231067678,783301.19,1147922.37,0,0
40,PAYMENT,15192.86,C528856134,0.0,0.0,M1959580748,0.0,0.0,0,0
40,CASH_OUT,258312.81,C2031414379,198.0,0.0,C1853128400,66516.84,324829.65,0,0
40,CASH_IN,62633.44,C235163120,1368.0,64001.44,C785462817,0.0,0.0,0,0
40,CASH_IN,194765.8,C1007808498,43617.21,238383.02,C1101827022,441259.01,246493.21,0,0
40,DEBIT,4453.33,C787296904,238383.02,233929.69,C1841975815,552571.77,557025.1,0,0
40,CASH_OUT,245059.19,C1883563146,40649.0,0.0,C1198395043,0.0,41333.01,0,0
40,CASH_OUT,297650.43,C1543720127,10436.0,0.0,C404993268,4691219.06,4988869.49,0,0
40,PAYMENT,15785.35,C1876842162,0.0,0.0,M677396659,0.0,0.0,0,0
40,PAYMENT,16678.41,C2136445313,36409.0,19730.59,M964119648,0.0,0.0,0,0
40,CASH_OUT,115671.09,C604104250,8052.0,0.0,C1712496369,1086711.2,1202382.29,0,0
40,PAYMENT,15882.02,C240017361,10336.0,0.0,M1297488896,0.0,0.0,0,0
40,CASH_OUT,359781.78,C1321295238,32439.0,0.0,C1427407308,0.0,359781.78,0,0
40,PAYMENT,6320.12,C1708806738,0.0,0.0,M420887023,0.0,0.0,0,0
40,PAYMENT,25740.72,C1692242129,1869.0,0.0,M548723873,0.0,0.0,0,0
40,CASH_OUT,73013.16,C390812199,13.0,0.0,C1717059764,0.0,73013.16,0,0
40,CASH_OUT,142262.8,C1060821088,101751.0,0.0,C793170720,0.0,142262.8,0,0
40,CASH_OUT,66543.46,C938056782,0.0,0.0,C200591221,1656165.89,1648720.08,0,0
40,CASH_OUT,208842.86,C826150854,0.0,0.0,C1455826282,578546.74,787389.59,0,0
40,CASH_OUT,192976.67,C2083109292,0.0,0.0,C1469065727,5432322.42,5625299.09,0,0
40,CASH_OUT,85650.55,C356091793,0.0,0.0,C177641267,241045.7,326696.25,0,0
40,CASH_OUT,209841.78,C1858691732,0.0,0.0,C66565123,593656.44,803498.22,0,0
40,CASH_OUT,147266.95,C793247924,0.0,0.0,C1989636849,646019.32,793286.27,0,0
40,CASH_OUT,181992.2,C505231400,0.0,0.0,C28368621,2158338.05,2340330.25,0,0
40,CASH_OUT,19937.78,C1203839349,0.0,0.0,C1428963834,694494.27,714432.05,0,0
40,CASH_OUT,72664.57,C1656305371,0.0,0.0,C1725097945,528741.31,601405.87,0,0
40,CASH_OUT,31234.12,C228312984,0.0,0.0,C335145600,6496755.88,6527989.99,0,0
40,CASH_OUT,147438.27,C2049995387,0.0,0.0,C1273847411,170062.68,317500.95,0,0
40,CASH_OUT,155532.56,C884223681,0.0,0.0,C2088403634,673253.27,976847.74,0,0
40,CASH_OUT,144818.78,C529586530,16275.0,0.0,C70805702,147847.12,292665.9,0,0
40,PAYMENT,11522.98,C1281649167,242.0,0.0,M901675602,0.0,0.0,0,0
40,PAYMENT,3513.32,C543787010,0.0,0.0,M959123108,0.0,0.0,0,0
40,PAYMENT,5003.93,C1458585500,0.0,0.0,M282768378,0.0,0.0,0,0
40,CASH_OUT,415020.23,C2082406523,15966.0,0.0,C791106926,291309.25,706329.48,0,0
40,PAYMENT,14392.07,C497053554,562.0,0.0,M1249623941,0.0,0.0,0,0
40,PAYMENT,3500.84,C268140627,0.0,0.0,M199443727,0.0,0.0,0,0
40,TRANSFER,499096.78,C354836734,127636.0,0.0,C2117724523,246886.31,745983.09,0,0
40,CASH_OUT,156598.96,C45511240,12078.0,0.0,C1786394102,1269362.87,1425961.83,0,0
40,PAYMENT,11141.63,C1369215829,1557.0,0.0,M1078361940,0.0,0.0,0,0
40,PAYMENT,23554.27,C1715590706,0.0,0.0,M1473567872,0.0,0.0,0,0
40,CASH_IN,485714.19,C1659366164,51195.0,536909.19,C726696791,4949634.05,4463919.86,0,0
40,CASH_OUT,112634.53,C296256707,32208.0,0.0,C1929564217,1887601.84,2000236.37,0,0
40,CASH_OUT,143423.28,C2041585794,248137.0,104713.72,C469078319,285007.07,428430.35,0,0
40,TRANSFER,333018.31,C141673448,52060.0,0.0,C1460228494,1159166.2,1369068.83,0,0
40,TRANSFER,602832.22,C1435707065,114160.0,0.0,C397753053,3492367.08,4095199.3,0,0
40,CASH_OUT,212530.35,C13119060,99673.0,0.0,C1813991890,657003.93,869534.29,0,0
40,CASH_IN,230764.77,C2021960447,10991.0,241755.77,C177237595,0.0,19165.83,0,0
40,CASH_OUT,465299.75,C2129418372,218699.0,0.0,C803648645,352078.69,817378.45,0,0
40,CASH_OUT,614139.38,C839257870,50196.0,0.0,C581773547,395592.14,1009731.52,0,0
40,CASH_OUT,4821.79,C1945972116,99312.0,94490.21,C904847663,4721875.6,4726697.39,0,0
40,CASH_OUT,116523.44,C787722822,257006.0,140482.56,C2092481477,6419036.72,6535560.17,0,0
40,CASH_OUT,57855.05,C843573092,10070.0,0.0,C1318670986,0.0,57855.05,0,0
40,TRANSFER,744593.16,C817623133,0.0,0.0,C2139716330,4254480.72,4999073.88,0,0
40,TRANSFER,69674.19,C707848787,61116.0,0.0,C1823914988,0.0,69674.19,0,0
40,PAYMENT,13923.15,C434244817,0.0,0.0,M336831566,0.0,0.0,0,0
40,PAYMENT,33611.89,C2076542857,0.0,0.0,M1443530960,0.0,0.0,0,0
40,CASH_IN,63810.22,C1594327620,32265.0,96075.22,C2013925888,2364177.61,2300367.39,0,0
40,CASH_OUT,123544.24,C1455389758,32424.0,0.0,C323858055,1194419.35,1317963.59,0,0
40,TRANSFER,377743.37,C26296495,42030.0,0.0,C319939585,72031.0,244263.43,0,0
40,CASH_OUT,246552.16,C64951365,0.0,0.0,C1254851574,481185.68,727737.84,0,0
40,TRANSFER,1096189.91,C1613345752,24987.0,0.0,C523282309,0.0,968921.34,0,0
40,PAYMENT,1171.02,C1306160495,0.0,0.0,M1178982467,0.0,0.0,0,0
40,CASH_OUT,178670.07,C1027834354,14413.0,0.0,C1804871141,612117.31,790787.38,0,0
40,CASH_OUT,81600.38,C282678001,20215.0,0.0,C539816992,62584.94,144185.32,0,0
40,CASH_OUT,282171.99,C242672784,15695.0,0.0,C1657769946,6439241.75,6721413.74,0,0
40,PAYMENT,11926.4,C1712960221,302642.0,290715.6,M1207231485,0.0,0.0,0,0
40,PAYMENT,18071.06,C501247784,4826.0,0.0,M613108320,0.0,0.0,0,0
40,PAYMENT,8138.85,C263162742,53274.0,45135.15,M1864657525,0.0,0.0,0,0
40,CASH_OUT,259872.97,C1898172822,8197.0,0.0,C2021207779,0.0,259872.97,0,0
40,PAYMENT,11161.22,C252009880,25043.0,13881.78,M2088932149,0.0,0.0,0,0
40,CASH_IN,510317.67,C817441042,601194.0,1111511.67,C724581187,251337.35,0.0,0,0
40,CASH_OUT,4842.18,C1610211826,949.0,0.0,C887330225,109955.08,114797.26,0,0
40,PAYMENT,10785.12,C2050330120,118247.0,107461.88,M306622784,0.0,0.0,0,0
40,CASH_OUT,481341.44,C1800334243,804.0,0.0,C595982198,1064422.92,1545764.35,0,0
40,CASH_OUT,290368.21,C2074632521,14769.0,0.0,C338382927,1515908.78,1701300.44,0,0
40,CASH_OUT,34380.91,C767288826,83201.0,48820.09,C2093726013,0.0,34380.91,0,0
40,PAYMENT,30203.29,C181444028,35352.0,5148.71,M383741110,0.0,0.0,0,0
40,TRANSFER,20314.97,C776336653,20314.97,0.0,C737099940,0.0,0.0,1,0
40,CASH_OUT,20314.97,C1545814282,20314.97,0.0,C183363284,1270005.54,1290320.51,1,0
40,CASH_IN,192011.12,C1376782927,52954.0,244965.12,C758088840,0.0,0.0,0,0
40,CASH_IN,334274.72,C1070032487,26636.0,360910.72,C1572455449,0.0,0.0,0,0
40,CASH_OUT,193023.61,C1051398415,624.0,0.0,C497806226,667444.98,1247970.19,0,0
40,CASH_IN,178300.31,C2026257601,97967.49,276267.8,C1984917168,746930.56,784616.68,0,0
40,PAYMENT,13888.46,C710284260,276267.8,262379.34,M782679191,0.0,0.0,0,0
40,PAYMENT,14449.11,C1214509861,262379.34,247930.24,M25886428,0.0,0.0,0,0
40,CASH_OUT,365303.95,C467207226,218841.0,0.0,C78730874,1646059.89,2011363.84,0,0
40,PAYMENT,6959.03,C8409554,0.0,0.0,M1470980156,0.0,0.0,0,0
40,PAYMENT,9770.59,C25626635,0.0,0.0,M1378624725,0.0,0.0,0,0
40,PAYMENT,3165.98,C1352720771,0.0,0.0,M1815140139,0.0,0.0,0,0
40,PAYMENT,5477.83,C1439587830,0.0,0.0,M1727512854,0.0,0.0,0,0
40,PAYMENT,4172.28,C831293618,0.0,0.0,M1534036007,0.0,0.0,0,0
40,PAYMENT,3528.17,C2095664977,0.0,0.0,M609148587,0.0,0.0,0,0
40,PAYMENT,3.15,C1909595016,0.0,0.0,M1457232677,0.0,0.0,0,0
40,PAYMENT,7481.83,C1627313512,0.0,0.0,M848815194,0.0,0.0,0,0
40,PAYMENT,4944.27,C1408804827,0.0,0.0,M1508903986,0.0,0.0,0,0
40,PAYMENT,2268.28,C1328797681,0.0,0.0,M1116430201,0.0,0.0,0,0
40,PAYMENT,930.96,C1415310988,0.0,0.0,M227797417,0.0,0.0,0,0
40,PAYMENT,12672.19,C1557019573,0.0,0.0,M1151780802,0.0,0.0,0,0
40,PAYMENT,1638.02,C1325563476,0.0,0.0,M1565395132,0.0,0.0,0,0
40,PAYMENT,2298.03,C1894814515,0.0,0.0,M43700792,0.0,0.0,0,0
40,PAYMENT,17598.21,C1580657889,0.0,0.0,M1938822259,0.0,0.0,0,0
40,CASH_OUT,4324.6,C118323257,50391.0,46066.4,C454314817,199667.65,203992.24,0,0
40,CASH_OUT,7493.59,C1397912050,6097.0,0.0,C1766862837,0.0,7493.59,0,0
40,CASH_IN,124884.89,C980082333,61944.0,186828.89,C326000999,38792.66,0.0,0,0
40,CASH_OUT,50541.25,C1235908143,14421.0,0.0,C655580366,1196126.22,1282879.35,0,0
40,CASH_OUT,225474.36,C629801875,39618.0,0.0,C887904680,218584.86,444059.22,0,0
40,CASH_OUT,156591.18,C1696017201,13913.0,0.0,C555465845,1794570.83,1951162.0,0,0
40,PAYMENT,2801.19,C157654840,0.0,0.0,M325356341,0.0,0.0,0,0
40,CASH_OUT,326327.29,C1711768657,5092.0,0.0,C719613411,557593.15,984191.1,0,0
40,PAYMENT,2148.57,C974484739,19075.0,16926.43,M531407142,0.0,0.0,0,0
40,CASH_OUT,80966.92,C682011845,16926.43,0.0,C1711617653,1867430.39,1948397.31,0,0
40,CASH_OUT,210375.47,C1918472332,0.0,0.0,C1878182896,781447.45,991822.91,0,0
40,CASH_IN,118752.25,C1677020841,79667.0,198419.25,C1679030170,5063.0,0.0,0,0
40,PAYMENT,4568.2,C430601824,66687.0,62118.8,M83304724,0.0,0.0,0,0
40,PAYMENT,7590.07,C982781174,74759.0,67168.93,M1943903499,0.0,0.0,0,0
40,CASH_OUT,298479.04,C957283430,313618.0,15138.96,C526551996,0.0,298479.04,0,0
40,TRANSFER,430571.36,C72127954,15138.96,0.0,C849359061,581462.01,1012033.38,0,0
40,CASH_OUT,95597.53,C514185745,1380.0,0.0,C32225947,0.0,95597.53,0,0
40,CASH_OUT,83352.13,C17770763,101.0,0.0,C2082047352,248249.43,331601.56,0,0
40,TRANSFER,111986.89,C1328289920,0.0,0.0,C779907492,494639.71,606626.61,0,0
40,CASH_OUT,448029.62,C799995570,42785.0,0.0,C1001493233,0.0,448029.62,0,0
40,CASH_IN,387368.22,C535548932,14648.0,402016.22,C1030366715,0.0,0.0,0,0
40,CASH_OUT,341628.4,C1733616003,10787.0,0.0,C1850939783,0.0,341628.4,0,0
40,PAYMENT,2001.41,C1217596913,0.0,0.0,M282093879,0.0,0.0,0,0
40,CASH_OUT,238587.23,C1373291741,104790.0,0.0,C242498525,131955.63,370542.86,0,0
40,PAYMENT,18788.91,C297959324,120270.0,101481.09,M1097733328,0.0,0.0,0,0
40,CASH_OUT,390445.95,C1390691355,3041.0,0.0,C381229430,579934.95,970380.9,0,0
40,CASH_OUT,249375.21,C1428131510,6018.0,0.0,C924339244,18567.98,267943.19,0,0
40,TRANSFER,902195.92,C1470313750,224.0,0.0,C593661626,17820.26,920016.19,0,0
40,PAYMENT,15963.5,C1725588390,0.0,0.0,M384706554,0.0,0.0,0,0
40,PAYMENT,8920.08,C1068331439,0.0,0.0,M1911093449,0.0,0.0,0,0
40,CASH_OUT,56246.53,C1142579713,11609.0,0.0,C405683809,1795741.37,1851987.9,0,0
40,PAYMENT,15200.73,C598494351,156701.0,141500.27,M2010669404,0.0,0.0,0,0
40,PAYMENT,10634.31,C1103163870,21401.0,10766.69,M1448974733,0.0,0.0,0,0
40,CASH_IN,296006.04,C399802365,51865.0,347871.04,C172241989,34937.63,0.0,0,0
40,PAYMENT,6602.86,C598884058,347871.04,341268.18,M1706718579,0.0,0.0,0,0
40,PAYMENT,9606.4,C1594956216,664.0,0.0,M1796124208,0.0,0.0,0,0
40,CASH_OUT,360857.27,C1509427557,51130.0,0.0,C1633513193,2860180.56,3221037.83,0,0
40,CASH_OUT,183569.19,C1868558020,520749.8,337180.61,C291318904,0.0,183569.19,0,0
40,TRANSFER,500694.37,C945088078,337180.61,0.0,C1977016668,1763847.56,2264541.93,0,0
40,TRANSFER,1199246.6,C641048666,0.0,0.0,C2047619354,2668951.09,3868197.69,0,0
40,CASH_IN,345328.98,C1067394776,10835.0,356163.98,C1781548235,6238952.62,5893623.64,0,0
40,PAYMENT,4770.76,C791074337,356163.98,351393.22,M811541277,0.0,0.0,0,0
40,TRANSFER,913722.94,C996368956,25845.0,0.0,C439225767,21841.87,935564.82,0,0
40,CASH_IN,50424.05,C2106337902,161.0,50585.05,C742085431,1150091.48,1099667.43,0,0
40,PAYMENT,9569.62,C1677880352,57155.0,47585.38,M764210294,0.0,0.0,0,0
40,TRANSFER,291010.51,C232655225,5936.0,0.0,C374346692,0.0,239903.99,0,0
40,CASH_OUT,85308.76,C287153654,46750.0,0.0,C1099915107,3625956.74,3711265.49,0,0
40,PAYMENT,14256.64,C1711898777,0.0,0.0,M741093234,0.0,0.0,0,0
40,CASH_OUT,11555.02,C1371831887,30663.0,19107.98,C1710607874,86103.03,97658.05,0,0
40,CASH_OUT,255438.61,C743156652,49909.0,0.0,C1549309958,0.0,255438.61,0,0
40,PAYMENT,21625.05,C116190196,11095.0,0.0,M1274418148,0.0,0.0,0,0
40,CASH_OUT,8932.91,C967981779,40609.0,31676.09,C1996832643,0.0,8932.91,0,0
40,PAYMENT,6684.15,C1221980290,31676.09,24991.94,M696717607,0.0,0.0,0,0
40,PAYMENT,569.46,C1385516736,24991.94,24422.48,M2061075171,0.0,0.0,0,0
40,PAYMENT,20082.36,C502217946,24422.48,4340.11,M217061481,0.0,0.0,0,0
40,PAYMENT,7708.06,C1961604217,4340.11,0.0,M1116995229,0.0,0.0,0,0
40,PAYMENT,15539.91,C654185465,0.0,0.0,M708932639,0.0,0.0,0,0
40,PAYMENT,4467.47,C60839250,0.0,0.0,M1578771629,0.0,0.0,0,0
40,PAYMENT,9079.62,C145589580,0.0,0.0,M703457738,0.0,0.0,0,0
40,PAYMENT,6583.46,C686175072,0.0,0.0,M668358045,0.0,0.0,0,0
40,PAYMENT,2851.15,C1127556046,0.0,0.0,M89137627,0.0,0.0,0,0
40,PAYMENT,5040.65,C481586978,0.0,0.0,M165395348,0.0,0.0,0,0
40,PAYMENT,3298.07,C1671090738,0.0,0.0,M1732274531,0.0,0.0,0,0
40,PAYMENT,1131.12,C1488115670,0.0,0.0,M216121423,0.0,0.0,0,0
40,PAYMENT,12772.57,C970950819,0.0,0.0,M1571878282,0.0,0.0,0,0
40,PAYMENT,8423.13,C326276493,0.0,0.0,M294902804,0.0,0.0,0,0
40,PAYMENT,13724.02,C1422705685,0.0,0.0,M235567011,0.0,0.0,0,0
40,PAYMENT,2551.69,C164840722,0.0,0.0,M112155456,0.0,0.0,0,0
40,CASH_OUT,213175.25,C879873004,5055.0,0.0,C1302307559,0.0,213175.25,0,0
40,CASH_IN,461195.06,C1763378606,23968.0,485163.06,C1458561771,1089714.56,628519.5,0,0
40,PAYMENT,20320.01,C2062755402,4078.0,0.0,M108660495,0.0,0.0,0,0
40,CASH_OUT,137820.96,C1013879431,124024.0,0.0,C889618763,139649.66,277470.62,0,0
40,CASH_OUT,34935.11,C233424593,0.0,0.0,C1011327941,377356.21,412291.32,0,0
40,PAYMENT,2994.41,C1858826320,87672.0,84677.59,M954159353,0.0,0.0,0,0
40,CASH_OUT,13200.87,C1894586319,75.0,0.0,C2076045321,2667.46,15868.33,0,0
40,DEBIT,1658.84,C863078477,34636.0,32977.16,C1479557064,152758.96,154417.8,0,0
40,CASH_IN,159595.5,C109918083,10643.0,170238.5,C888958017,201578.66,41983.16,0,0
40,CASH_IN,156799.96,C1150805811,46275.0,203074.96,C101161172,1320938.26,887255.77,0,0
40,CASH_IN,344808.86,C1557971713,13702.0,358510.86,C579686396,4291241.17,3946432.31,0,0
40,CASH_OUT,79971.9,C1666190135,495897.0,415925.1,C262480736,0.0,79971.9,0,0
40,CASH_OUT,344644.96,C210639345,31847.0,0.0,C2034996267,29436.79,374081.75,0,0
40,PAYMENT,11046.53,C2002508076,0.0,0.0,M1302710285,0.0,0.0,0,0
40,PAYMENT,2442.87,C776956733,0.0,0.0,M1391640212,0.0,0.0,0,0
40,PAYMENT,7793.64,C2068418399,0.0,0.0,M407885211,0.0,0.0,0,0
40,PAYMENT,7649.55,C1292649260,0.0,0.0,M172839431,0.0,0.0,0,0
40,PAYMENT,1120.15,C1036588902,0.0,0.0,M1531768393,0.0,0.0,0,0
40,PAYMENT,9456.88,C1953940271,0.0,0.0,M348875468,0.0,0.0,0,0
40,PAYMENT,15242.3,C1632382228,0.0,0.0,M1573829074,0.0,0.0,0,0
40,PAYMENT,6298.7,C535000831,0.0,0.0,M1353839301,0.0,0.0,0,0
40,PAYMENT,4986.91,C1351962954,0.0,0.0,M2017292963,0.0,0.0,0,0
40,PAYMENT,5197.66,C2095953877,0.0,0.0,M588596567,0.0,0.0,0,0
40,PAYMENT,3002.4,C1508921214,0.0,0.0,M1246463625,0.0,0.0,0,0
40,PAYMENT,4624.72,C1527366410,0.0,0.0,M1379863233,0.0,0.0,0,0
40,PAYMENT,4616.4,C158282823,0.0,0.0,M520524845,0.0,0.0,0,0
40,PAYMENT,11260.84,C167904596,0.0,0.0,M549552087,0.0,0.0,0,0
40,PAYMENT,1816.22,C1358740100,0.0,0.0,M2079390538,0.0,0.0,0,0
40,CASH_OUT,118833.87,C1631746501,0.0,0.0,C1862277286,347040.69,465874.55,0,0
40,CASH_OUT,233994.75,C1247190525,0.0,0.0,C714463399,272115.79,506110.55,0,0
40,CASH_OUT,149997.32,C2135635625,0.0,0.0,C2091248200,1443698.37,1593695.69,0,0
40,CASH_OUT,111717.83,C60663969,0.0,0.0,C231360598,1707900.28,1819618.11,0,0
40,CASH_OUT,126650.14,C1910732102,0.0,0.0,C465762330,568790.9,695441.04,0,0
40,PAYMENT,8631.52,C254060530,213192.0,204560.48,M696006337,0.0,0.0,0,0
40,PAYMENT,24349.28,C1196051439,607.0,0.0,M770268933,0.0,0.0,0,0
40,CASH_OUT,60323.16,C123238013,30781.0,0.0,C1363379322,646970.47,707293.63,0,0
40,CASH_IN,221218.78,C1331335785,480.0,221698.78,C409450880,0.0,0.0,0,0
40,CASH_OUT,313149.62,C1524284766,366239.0,53089.38,C627782093,75243.19,388392.81,0,0
40,CASH_OUT,56333.25,C1034731639,53089.38,0.0,C366857791,474178.62,530511.87,0,0
40,CASH_OUT,191501.93,C2030281249,0.0,0.0,C172503929,3370229.01,3561730.95,0,0
40,CASH_OUT,8860.61,C1649520306,0.0,0.0,C1673312647,709478.34,718338.95,0,0
40,CASH_OUT,171568.76,C1835982827,0.0,0.0,C2006186407,198581.11,370149.87,0,0
40,CASH_OUT,239728.72,C907674953,0.0,0.0,C1986374826,299619.13,539347.84,0,0
40,CASH_OUT,88914.28,C1391241985,0.0,0.0,C1750458058,419201.74,508116.02,0,0
40,CASH_OUT,25037.92,C1026014160,0.0,0.0,C1946491890,988390.74,1013428.66,0,0
40,CASH_OUT,113583.07,C648919576,0.0,0.0,C887094612,1035231.0,1148814.07,0,0
40,CASH_OUT,121675.9,C1090245577,0.0,0.0,C850560174,671224.55,792900.45,0,0
40,CASH_OUT,158155.4,C2004409460,0.0,0.0,C1237993637,361299.78,846319.02,0,0
40,CASH_OUT,155608.53,C1996554352,0.0,0.0,C1906246184,237298.49,392907.02,0,0
40,CASH_OUT,42573.18,C1018628594,0.0,0.0,C1444338955,751653.85,794227.03,0,0
40,CASH_OUT,97303.5,C583852086,0.0,0.0,C36968399,1954889.53,2052193.03,0,0
40,CASH_OUT,182006.18,C325456743,0.0,0.0,C1347150244,215126.95,393561.02,0,0
40,CASH_OUT,178321.67,C1813742587,0.0,0.0,C632213258,1576354.84,1754676.51,0,0
40,CASH_OUT,52340.64,C1760034579,0.0,0.0,C1821593549,1700207.11,1752547.74,0,0
40,CASH_OUT,272100.25,C770670441,0.0,0.0,C1634989162,509137.68,781237.93,0,0
40,CASH_OUT,206061.77,C246525080,0.0,0.0,C463346877,602451.45,808513.22,0,0
40,CASH_OUT,124258.62,C1048961774,0.0,0.0,C1365867134,434782.62,559041.24,0,0
40,CASH_OUT,216839.49,C1766690122,0.0,0.0,C2066938021,2044046.82,2291437.99,0,0
40,CASH_OUT,200874.32,C1057989437,0.0,0.0,C660859368,2060564.45,2261438.77,0,0
40,CASH_OUT,108041.67,C1020861736,0.0,0.0,C169798908,2702900.6,3036026.34,0,0
40,CASH_OUT,180693.8,C769268431,0.0,0.0,C1554923543,1715279.08,1895972.88,0,0
40,CASH_OUT,106448.68,C687404515,0.0,0.0,C1902695785,2290412.94,2396861.63,0,0
40,CASH_OUT,160655.52,C1789705610,0.0,0.0,C915382056,281080.29,441735.82,0,0
40,CASH_OUT,65654.93,C510184874,0.0,0.0,C1088997819,1521620.29,1587275.22,0,0
40,CASH_OUT,60087.29,C1662623946,0.0,0.0,C1342938160,295212.43,355299.72,0,0
40,CASH_OUT,132524.18,C203495079,0.0,0.0,C2588833,1056371.83,1188896.01,0,0
40,CASH_OUT,167334.27,C65976900,0.0,0.0,C78420434,359031.38,526365.65,0,0
40,CASH_OUT,434517.58,C1538470414,0.0,0.0,C1354426181,563211.99,997729.56,0,0
40,CASH_OUT,548617.2,C1963116098,0.0,0.0,C1990643576,20377235.09,20925852.29,0,0
40,CASH_OUT,619583.89,C1905422955,0.0,0.0,C104431815,2699117.13,3318701.02,0,0
40,CASH_OUT,197547.22,C123263623,0.0,0.0,C859222722,1781208.49,1978755.71,0,0
40,CASH_OUT,324563.34,C1161407264,0.0,0.0,C1653747694,1832704.03,2157267.37,0,0
40,CASH_OUT,112380.71,C644502803,0.0,0.0,C1652158314,1562439.73,1674820.44,0,0
40,CASH_OUT,47971.27,C1149856415,0.0,0.0,C597225577,973498.52,1137399.55,0,0
40,CASH_OUT,167019.37,C88345707,0.0,0.0,C1377240592,1198644.52,1365663.89,0,0
40,CASH_OUT,121816.06,C221038408,0.0,0.0,C2133572766,1082615.8,1174583.55,0,0
40,CASH_OUT,333767.03,C2031798579,0.0,0.0,C2109641245,1939006.91,2272773.94,0,0
40,CASH_OUT,250594.8,C1992857885,0.0,0.0,C580543688,725618.66,1143285.64,0,0
40,CASH_OUT,117549.32,C1405809915,0.0,0.0,C916992021,801253.12,918802.44,0,0
40,CASH_OUT,155836.82,C951549773,0.0,0.0,C1722902981,1653077.19,1808914.01,0,0
40,CASH_OUT,245593.62,C399206969,0.0,0.0,C488275270,2563515.85,2809109.47,0,0
40,CASH_OUT,134803.89,C628689324,0.0,0.0,C913972618,891076.26,1025880.15,0,0
40,CASH_OUT,150526.26,C563104980,0.0,0.0,C687703141,161843.96,312370.22,0,0
40,CASH_OUT,279818.79,C584975036,0.0,0.0,C690383508,514363.75,794182.54,0,0
40,CASH_OUT,221465.13,C1854418556,0.0,0.0,C1396916343,1972213.16,2345538.7,0,0
40,CASH_OUT,368065.09,C55672424,0.0,0.0,C234280782,484650.31,852715.41,0,0
40,CASH_OUT,140050.04,C545551418,0.0,0.0,C234816600,900057.73,1040107.76,0,0
40,CASH_OUT,360740.2,C1914521972,0.0,0.0,C564345200,2171304.89,2532045.09,0,0
40,CASH_OUT,220805.57,C1573479045,0.0,0.0,C802012194,9366362.59,9587168.16,0,0
40,CASH_OUT,240012.61,C1432610154,0.0,0.0,C1450668656,1827241.43,2067254.04,0,0
40,CASH_OUT,115880.73,C1455783512,0.0,0.0,C530512314,1478734.23,1594614.96,0,0
40,CASH_OUT,78896.94,C1317784349,0.0,0.0,C1310317424,933047.3,1011944.24,0,0
40,CASH_OUT,74088.57,C1488999683,106214.0,32125.43,C934127844,176693.8,250782.36,0,0
40,PAYMENT,1816.28,C306361284,32125.43,30309.16,M1862809706,0.0,0.0,0,0
40,CASH_OUT,362202.92,C2144060853,42091.0,0.0,C475335041,0.0,362202.92,0,0
40,CASH_IN,283550.8,C628748034,51643.0,335193.8,C463006970,0.0,0.0,0,0
40,CASH_OUT,330342.14,C581088506,32332.0,0.0,C1094682367,0.0,330342.14,0,0
40,CASH_OUT,203164.26,C205980588,0.0,0.0,C1928472714,238546.32,441710.58,0,0
40,CASH_IN,366633.69,C763402748,10188.0,376821.69,C1212479311,1603321.76,1903683.27,0,0
40,CASH_IN,169642.25,C1206612657,11268.0,180910.25,C1484731298,568235.42,398593.16,0,0
40,PAYMENT,14976.56,C1884883922,22278.0,7301.44,M1152859158,0.0,0.0,0,0
40,TRANSFER,1423082.7,C1834029573,7301.44,0.0,C1996895586,2010663.09,3433745.79,0,0
40,CASH_OUT,77465.58,C1907596260,12526.0,0.0,C1806263037,0.0,77465.58,0,0
40,CASH_OUT,4093.77,C1225529755,313940.0,309846.23,C415351206,220314.59,224408.36,0,0
40,TRANSFER,468114.55,C874957600,94521.0,0.0,C1487207727,105605.67,686591.27,0,0
40,CASH_OUT,18415.17,C1359099547,308879.0,290463.83,C621087945,0.0,19091.06,0,0
40,CASH_OUT,50817.63,C1006894052,50318.0,0.0,C72201140,0.0,50817.63,0,0
40,CASH_OUT,87041.47,C367717694,0.0,0.0,C603232968,88607.89,175649.36,0,0
40,PAYMENT,10868.84,C395791208,32160.0,21291.16,M1474363887,0.0,0.0,0,0
40,PAYMENT,6967.82,C1956514860,21291.16,14323.34,M920620188,0.0,0.0,0,0
40,CASH_OUT,38336.02,C457067812,4586.0,0.0,C1143987560,503361.54,541697.56,0,0
40,CASH_OUT,425872.46,C1150278101,46085.0,0.0,C1628001306,2634869.23,3060741.69,0,0
40,PAYMENT,19586.14,C1081360900,0.0,0.0,M168140282,0.0,0.0,0,0
40,CASH_OUT,355571.14,C1673246451,763.0,0.0,C770014193,161215.08,516786.22,0,0
40,CASH_OUT,382196.29,C1505790496,11638.92,0.0,C1022035049,41591.27,423787.56,0,0
40,PAYMENT,2878.84,C994477950,0.0,0.0,M487208865,0.0,0.0,0,0
40,PAYMENT,3466.42,C599267037,0.0,0.0,M2121537792,0.0,0.0,0,0
40,PAYMENT,1641.02,C1904610503,0.0,0.0,M1031637609,0.0,0.0,0,0
40,PAYMENT,22198.17,C1578139109,0.0,0.0,M15913790,0.0,0.0,0,0
40,PAYMENT,3113.74,C1095960531,0.0,0.0,M279765842,0.0,0.0,0,0
40,PAYMENT,5861.33,C1301175287,0.0,0.0,M1534270043,0.0,0.0,0,0
40,PAYMENT,5167.63,C46658425,0.0,0.0,M1971729920,0.0,0.0,0,0
40,PAYMENT,2417.02,C1256757924,0.0,0.0,M151707744,0.0,0.0,0,0
40,PAYMENT,7106.39,C879465987,0.0,0.0,M1889108152,0.0,0.0,0,0
40,PAYMENT,13348.21,C2116684213,0.0,0.0,M553517040,0.0,0.0,0,0
40,PAYMENT,3211.67,C1221504610,0.0,0.0,M1961782147,0.0,0.0,0,0
40,PAYMENT,19528.64,C1512547082,0.0,0.0,M367707585,0.0,0.0,0,0
40,PAYMENT,14901.92,C686474400,0.0,0.0,M794759245,0.0,0.0,0,0
40,PAYMENT,10002.13,C1216858463,0.0,0.0,M184600899,0.0,0.0,0,0
40,PAYMENT,8425.3,C1966195527,0.0,0.0,M582711508,0.0,0.0,0,0
40,PAYMENT,8516.2,C1409323245,0.0,0.0,M1497829887,0.0,0.0,0,0
40,PAYMENT,61.01,C571988587,0.0,0.0,M1527999269,0.0,0.0,0,0
40,PAYMENT,37541.09,C189009746,0.0,0.0,M1785540396,0.0,0.0,0,0
40,CASH_OUT,498916.85,C1991603336,39758.0,0.0,C1369542248,0.0,498916.85,0,0
40,CASH_OUT,66931.45,C918512440,11012.0,0.0,C333176886,482649.84,549581.29,0,0
40,TRANSFER,924181.71,C497734690,0.0,0.0,C98226272,1875232.97,2799414.69,0,0
40,TRANSFER,1030929.88,C507354356,0.0,0.0,C1733581655,3173043.45,4203973.33,0,0
40,TRANSFER,793565.25,C1131526799,0.0,0.0,C1360650266,2105212.4,3198354.5,0,0
40,TRANSFER,214900.47,C245020538,0.0,0.0,C112354625,558483.48,773383.96,0,0
40,TRANSFER,732473.5,C1163557199,0.0,0.0,C1202588060,2609297.13,3234360.28,0,0
40,TRANSFER,327374.52,C930252588,0.0,0.0,C1602061666,6911466.35,7238840.87,0,0
40,TRANSFER,130672.12,C2031740559,0.0,0.0,C1448994321,7813343.59,7944015.7,0,0
40,TRANSFER,115787.95,C585351089,0.0,0.0,C2139356892,2459670.98,2575458.92,0,0
40,TRANSFER,43713.54,C879045283,0.0,0.0,C287259122,1250370.69,1294084.23,0,0
40,TRANSFER,194685.08,C395149540,0.0,0.0,C979196948,490867.67,602195.1,0,0
40,TRANSFER,159811.83,C563486980,0.0,0.0,C1484396536,1045056.29,1204868.12,0,0
40,TRANSFER,384475.62,C515316912,0.0,0.0,C1193460105,2257754.66,2642230.28,0,0
40,TRANSFER,76309.86,C60427767,0.0,0.0,C1873085729,1075814.55,1152124.41,0,0
40,CASH_OUT,229959.62,C2028681152,153.0,0.0,C761442503,715890.41,945850.03,0,0
40,PAYMENT,24575.98,C1751492568,55194.0,30618.02,M1309762808,0.0,0.0,0,0
40,TRANSFER,229817.93,C498543992,461202.0,231384.07,C1229115940,37095.99,266913.92,0,0
40,CASH_OUT,66152.58,C1019431993,11658.0,0.0,C6654185,810915.1,877067.68,0,0
40,CASH_OUT,80930.52,C2044557086,107817.0,26886.48,C357926718,146904.78,446920.57,0,0
40,DEBIT,2182.97,C1009707641,120367.0,118184.03,C401150818,470970.22,473153.19,0,0
40,CASH_OUT,37964.54,C408341609,20941.0,0.0,C1692389738,6086.94,44051.49,0,0
40,PAYMENT,28765.11,C1054009822,22356.0,0.0,M740625565,0.0,0.0,0,0
40,CASH_OUT,357920.06,C1737705026,15755.0,0.0,C245388360,0.0,357920.06,0,0
40,CASH_OUT,99025.91,C1225325405,100228.0,1202.09,C228723003,3221123.69,3320149.6,0,0
40,CASH_IN,374971.39,C1614636987,141092.0,516063.39,C1257907847,88114.56,0.0,0,0
40,CASH_OUT,256538.62,C1694027461,10795.0,0.0,C1972670424,1504839.36,1761377.98,0,0
40,CASH_OUT,12193.86,C430187854,5389.0,0.0,C1392375267,0.0,12193.86,0,0
40,CASH_OUT,306685.09,C402188084,87.0,0.0,C1792241184,0.0,306685.09,0,0
40,CASH_OUT,306811.69,C477317839,20643.0,0.0,C1398911527,0.0,306811.69,0,0
40,PAYMENT,32065.87,C1054810466,27210.32,0.0,M107609506,0.0,0.0,0,0
40,PAYMENT,10762.91,C1459125020,0.0,0.0,M1348167230,0.0,0.0,0,0
40,TRANSFER,97646.99,C390633830,18812.0,0.0,C1983170222,1830782.43,1928429.42,0,0
40,CASH_IN,500566.03,C1585836736,134602.0,635168.03,C1632252655,0.0,0.0,0,0
40,CASH_IN,407295.92,C1261453975,19967.0,427262.92,C2083130101,261046.74,0.0,0,0
40,CASH_OUT,256501.78,C1079093081,4748.0,0.0,C2077234869,223092.77,479594.55,0,0
40,PAYMENT,4988.98,C327259548,50292.0,45303.02,M1659070174,0.0,0.0,0,0
40,CASH_IN,124568.86,C730768623,20016.0,144584.86,C1348766234,0.0,0.0,0,0
40,PAYMENT,1113.26,C1722332584,144584.86,143471.6,M2031808916,0.0,0.0,0,0
40,CASH_OUT,44728.51,C3587583,49487.0,4758.49,C483186380,1863862.52,1908591.03,0,0
40,CASH_OUT,175017.54,C1581373642,4758.49,0.0,C983579974,964312.33,1267881.64,0,0
40,CASH_IN,103881.77,C2112299871,52070.0,155951.77,C1458055935,0.0,0.0,0,0
40,CASH_OUT,171864.56,C1407187750,213105.0,41240.44,C1721533641,770844.37,942708.93,0,0
40,CASH_OUT,157331.91,C1714646503,41240.44,0.0,C1221676402,1631388.66,1788720.56,0,0
40,CASH_OUT,29975.83,C920940131,0.0,0.0,C1857380035,225167.36,255143.19,0,0
40,CASH_OUT,172968.3,C1927106107,0.0,0.0,C384752294,1578081.69,1495826.32,0,0
40,CASH_OUT,226954.33,C1584897421,0.0,0.0,C1976973428,1055812.28,1282766.62,0,0
40,CASH_OUT,107944.55,C601268209,0.0,0.0,C1230455950,1475172.78,1583117.32,0,0
40,CASH_OUT,311308.95,C911501982,0.0,0.0,C1583020609,1795854.57,2364142.38,0,0
40,CASH_OUT,18400.3,C786450169,0.0,0.0,C1689967045,1736250.42,2251538.14,0,0
40,CASH_OUT,115660.39,C1285111133,0.0,0.0,C2147188616,404052.93,519713.32,0,0
40,CASH_OUT,43882.95,C1537673768,0.0,0.0,C1313141822,128642.91,172525.85,0,0
40,CASH_OUT,96098.82,C1320328024,0.0,0.0,C869986904,8836167.1,8932265.92,0,0
40,CASH_OUT,114324.86,C1657392121,0.0,0.0,C1179499979,551266.36,665591.22,0,0
40,CASH_OUT,81275.97,C1732210984,0.0,0.0,C1133068909,436865.79,518141.75,0,0
40,CASH_OUT,59548.95,C78299565,0.0,0.0,C1914273578,838482.98,898031.93,0,0
40,CASH_OUT,596009.8,C1578693179,0.0,0.0,C974093267,790449.13,1386458.93,0,0
40,CASH_OUT,38562.72,C1914862594,0.0,0.0,C193560352,257696.59,296259.31,0,0
40,CASH_OUT,84755.4,C1846080863,0.0,0.0,C833669677,123491.57,208246.97,0,0
40,CASH_OUT,169445.42,C1023272602,0.0,0.0,C895544218,206182.47,375627.89,0,0
40,CASH_OUT,437402.66,C627921428,0.0,0.0,C750862638,4069521.19,4506923.86,0,0
40,CASH_OUT,203318.63,C1154410711,51591.0,0.0,C722583484,0.0,203318.63,0,0
40,CASH_OUT,91625.94,C1841651484,10864.0,0.0,C297402537,174201.63,265827.57,0,0
40,PAYMENT,581.71,C1046457608,0.0,0.0,M1903011109,0.0,0.0,0,0
40,TRANSFER,117424.7,C1112957839,230.0,0.0,C530472371,0.0,117424.7,0,0
40,PAYMENT,11442.59,C86829414,11672.0,229.41,M1188573990,0.0,0.0,0,0
40,PAYMENT,2693.74,C1510007381,229.41,0.0,M733722753,0.0,0.0,0,0
40,CASH_OUT,350394.75,C1237193545,19683.0,0.0,C1433255207,0.0,350394.75,0,0
40,CASH_OUT,139943.29,C1324894299,80242.0,0.0,C1742793343,181124.1,321067.39,0,0
40,TRANSFER,448174.39,C330762651,2437.0,0.0,C1595108596,1252744.22,1700918.6,0,0
40,CASH_OUT,272964.04,C1707005148,107406.0,0.0,C320106510,1942796.19,2215760.23,0,0
40,CASH_IN,253011.39,C1554233209,25615.0,278626.39,C336215792,130734.95,0.0,0,0
40,CASH_IN,241971.75,C1343587878,55510.0,297481.75,C652048201,1252790.99,1010819.24,0,0
40,CASH_IN,428105.84,C2076554862,10276.0,438381.84,C273928027,0.0,0.0,0,0
40,PAYMENT,2018.91,C1758365182,438381.84,436362.93,M689438689,0.0,0.0,0,0
40,PAYMENT,4398.63,C1431267411,436362.93,431964.3,M66048594,0.0,0.0,0,0
40,CASH_OUT,121897.0,C529684132,147115.0,25218.0,C1395957862,7368893.96,7374328.78,0,0
40,CASH_IN,323811.91,C166480448,10518.0,334329.91,C1809205982,751083.66,427271.75,0,0
40,PAYMENT,7030.03,C667920094,334329.91,327299.88,M1515162935,0.0,0.0,0,0
40,PAYMENT,6499.39,C1474680748,327299.88,320800.49,M1018181978,0.0,0.0,0,0
40,CASH_IN,16951.41,C1720947012,7064.0,24015.41,C1150630865,1000620.78,983669.37,0,0
40,CASH_OUT,257983.24,C1083416212,10235.0,0.0,C803429699,928651.97,1186635.21,0,0
40,PAYMENT,22426.97,C959605149,20853.0,0.0,M83229960,0.0,0.0,0,0
40,PAYMENT,14610.18,C2123777379,0.0,0.0,M581763867,0.0,0.0,0,0
40,TRANSFER,683452.07,C142207058,10450.0,0.0,C128886852,62499.77,745951.84,0,0
40,CASH_OUT,24603.97,C592398824,108430.0,83826.03,C1479589355,0.0,24603.97,0,0
40,TRANSFER,306812.16,C1874767295,83826.03,0.0,C1186254299,5081857.74,5388669.9,0,0
40,CASH_OUT,14072.79,C633458312,22251.0,8178.21,C1351823588,136991.67,151064.47,0,0
40,PAYMENT,14652.68,C1648204058,48923.0,34270.32,M996449468,0.0,0.0,0,0
40,PAYMENT,35351.73,C556604730,81182.0,45830.27,M171127321,0.0,0.0,0,0
40,CASH_OUT,114206.12,C71864076,365.0,0.0,C149065519,268432.36,382638.48,0,0
40,CASH_OUT,191472.5,C467034693,0.0,0.0,C1351572270,3090081.13,3281553.64,0,0
40,CASH_IN,266134.62,C1390115016,12060.0,278194.62,C2070109599,0.0,0.0,0,0
40,CASH_IN,429294.32,C1105931120,631526.48,1060820.8,C889961531,0.0,0.0,0,0
40,CASH_OUT,46081.81,C18607278,1060820.8,1014738.99,C957784557,12417256.43,12463338.24,0,0
40,CASH_OUT,221551.99,C704078466,70732.0,0.0,C815925604,621691.6,843243.59,0,0
40,CASH_IN,52565.52,C543375948,658892.0,711457.52,C1369258468,0.0,0.0,0,0
40,PAYMENT,27877.35,C944459163,711457.52,683580.17,M1726720160,0.0,0.0,0,0
40,PAYMENT,5178.73,C1956259213,683580.17,678401.44,M1313962096,0.0,0.0,0,0
40,PAYMENT,2137.56,C739562420,678401.44,676263.88,M385990718,0.0,0.0,0,0
40,PAYMENT,10776.41,C840055070,676263.88,665487.47,M2009417172,0.0,0.0,0,0
40,PAYMENT,793.44,C2101780971,665487.47,664694.03,M1683983949,0.0,0.0,0,0
40,PAYMENT,240.34,C1202094353,664694.03,664453.7,M445683668,0.0,0.0,0,0
40,PAYMENT,341.17,C1376855188,664453.7,664112.53,M1243936125,0.0,0.0,0,0
40,PAYMENT,2227.95,C964250401,664112.53,661884.58,M667506157,0.0,0.0,0,0
40,PAYMENT,3934.14,C2091380740,661884.58,657950.45,M298155504,0.0,0.0,0,0
40,PAYMENT,12833.71,C1645616298,657950.45,645116.74,M261970744,0.0,0.0,0,0
40,PAYMENT,8469.52,C1283042591,645116.74,636647.22,M1986618269,0.0,0.0,0,0
40,PAYMENT,7457.62,C617136822,636647.22,629189.6,M1097402764,0.0,0.0,0,0
40,PAYMENT,3137.61,C1081689579,629189.6,626051.99,M2108797938,0.0,0.0,0,0
40,PAYMENT,1310.11,C529400704,626051.99,624741.88,M379735188,0.0,0.0,0,0
40,PAYMENT,4920.73,C478021046,624741.88,619821.16,M1814043624,0.0,0.0,0,0
40,PAYMENT,11704.83,C64853999,619821.16,608116.33,M119516652,0.0,0.0,0,0
40,PAYMENT,10508.43,C1797282572,608116.33,597607.9,M120840923,0.0,0.0,0,0
40,PAYMENT,6223.67,C1748922173,597607.9,591384.23,M305454875,0.0,0.0,0,0
40,CASH_OUT,385910.19,C2066030186,32328.0,0.0,C828995277,1072646.74,1458556.93,0,0
40,PAYMENT,3153.14,C1670913775,101697.0,98543.86,M2017776166,0.0,0.0,0,0
40,PAYMENT,19141.13,C1279002162,8726.0,0.0,M523868049,0.0,0.0,0,0
40,CASH_OUT,105855.66,C1022725631,14644.0,0.0,C411950866,48452.42,95356.71,0,0
40,CASH_OUT,85249.8,C1660861861,9086.0,0.0,C372365302,0.0,85249.8,0,0
40,CASH_OUT,322678.72,C1314863710,217.0,0.0,C790722099,60314.51,382993.23,0,0
40,TRANSFER,248571.3,C495560987,0.0,0.0,C975882572,318934.33,567505.63,0,0
40,CASH_OUT,40244.41,C226706720,127.0,0.0,C862839328,0.0,40244.41,0,0
40,PAYMENT,5723.44,C445108896,0.0,0.0,M767395428,0.0,0.0,0,0
40,CASH_OUT,31405.37,C2100048825,10332.0,0.0,C901885853,0.0,31405.37,0,0
40,CASH_OUT,207780.65,C1779553145,12442.0,0.0,C1964472647,3349792.82,3557573.47,0,0
40,PAYMENT,9547.47,C1319571017,0.0,0.0,M266874719,0.0,0.0,0,0
40,CASH_IN,29058.81,C323319008,20188.0,49246.81,C1346332277,3280936.68,3251877.87,0,0
40,CASH_OUT,114685.82,C2007758826,3049.0,0.0,C335539848,0.0,114685.82,0,0
40,CASH_OUT,286422.54,C17332752,15596.0,0.0,C145669503,0.0,286422.54,0,0
40,CASH_OUT,68040.01,C1330917305,40876.0,0.0,C237618567,189861.54,257901.56,0,0
40,CASH_IN,98825.71,C1997451463,35541.0,134366.71,C281172991,0.0,0.0,0,0
40,CASH_IN,383198.31,C1605508459,82020.0,465218.31,C1453892115,88613.94,0.0,0,0
40,CASH_IN,241915.25,C497562743,6510.0,248425.25,C1580090681,1363633.49,1121718.24,0,0
40,CASH_OUT,242875.16,C1936714140,107962.0,0.0,C996449337,969256.15,1212131.31,0,0
40,PAYMENT,1710.91,C1902503870,0.0,0.0,M1056171452,0.0,0.0,0,0
40,CASH_OUT,144758.69,C1646552473,2773.0,0.0,C901592001,81188.72,225947.42,0,0
40,PAYMENT,3508.31,C1846235976,10774.0,7265.69,M814547232,0.0,0.0,0,0
40,CASH_OUT,197510.73,C301128840,463.0,0.0,C1006387259,966883.66,1164394.4,0,0
40,PAYMENT,11376.26,C1346071426,0.0,0.0,M1679746014,0.0,0.0,0,0
40,CASH_OUT,237078.8,C1019378300,338899.0,101820.2,C1415287713,165758.89,648600.44,0,0
40,CASH_OUT,160865.33,C1003743216,1487.0,0.0,C1037002507,0.0,160865.33,0,0
40,CASH_OUT,242566.81,C809495667,0.0,0.0,C519869746,7275778.23,7518345.04,0,0
40,CASH_OUT,118270.74,C590150073,0.0,0.0,C1777572218,2713256.39,2831527.13,0,0
40,CASH_OUT,52566.23,C210925114,0.0,0.0,C1266905733,324077.51,376643.74,0,0
40,CASH_OUT,29267.85,C677047359,0.0,0.0,C1323115924,1399602.71,1451686.35,0,0
40,CASH_OUT,113260.57,C1741279539,0.0,0.0,C1789869267,3067127.81,3451375.9,0,0
40,CASH_OUT,48612.38,C594283842,0.0,0.0,C965353429,103512.83,473018.93,0,0
40,CASH_OUT,166433.92,C1011911859,0.0,0.0,C342342740,976430.99,1142864.91,0,0
40,CASH_OUT,351742.18,C1125426194,0.0,0.0,C1241039373,5662386.66,6014128.84,0,0
40,CASH_OUT,80853.18,C1786619146,0.0,0.0,C489619843,546937.48,814833.99,0,0
40,CASH_OUT,113832.85,C691581722,0.0,0.0,C214445153,322969.74,436802.59,0,0
40,CASH_OUT,4404.95,C297113498,0.0,0.0,C750652801,1207560.94,1211965.89,0,0
40,CASH_OUT,62279.71,C2003273098,0.0,0.0,C434781778,273968.56,336248.28,0,0
40,CASH_OUT,246270.33,C1890921369,0.0,0.0,C151956247,1252332.02,1353831.04,0,0
40,CASH_OUT,61183.38,C486143734,0.0,0.0,C2133088178,116343.19,0.0,0,0
40,CASH_OUT,393097.71,C567131060,0.0,0.0,C339713952,521929.41,915027.12,0,0
40,CASH_OUT,212136.13,C1791828434,0.0,0.0,C144958265,299683.48,511819.62,0,0
40,CASH_OUT,66444.46,C863839985,0.0,0.0,C413440926,7406601.91,7473046.37,0,0
40,CASH_OUT,311698.4,C1625303086,0.0,0.0,C2001148387,940946.97,1991615.49,0,0
40,CASH_OUT,280361.37,C750534557,0.0,0.0,C106018290,3440461.23,3720822.61,0,0
40,CASH_OUT,208772.18,C796678249,0.0,0.0,C1533171902,2814644.76,3023416.95,0,0
40,CASH_OUT,80298.74,C1978444249,0.0,0.0,C755196725,2032922.0,2113220.74,0,0
40,CASH_OUT,87687.09,C346840594,0.0,0.0,C1111188075,195867.43,283554.52,0,0
40,CASH_OUT,19692.25,C1503779789,0.0,0.0,C856392981,616810.54,636502.79,0,0
40,CASH_OUT,1922.53,C341012352,0.0,0.0,C1980830215,81203.69,83126.23,0,0
40,CASH_OUT,96762.71,C81903282,0.0,0.0,C1910009806,151148.52,247911.24,0,0
40,CASH_OUT,60299.41,C1917533426,0.0,0.0,C494545896,725557.9,785857.32,0,0
40,CASH_OUT,76584.04,C635698885,0.0,0.0,C903459177,3696950.35,3773534.38,0,0
40,CASH_OUT,99307.1,C717466262,0.0,0.0,C1062414681,497830.48,597137.58,0,0
40,CASH_OUT,37804.36,C593397074,0.0,0.0,C805898248,1051453.55,1089257.91,0,0
40,PAYMENT,8867.32,C148472167,19521.0,10653.68,M846611311,0.0,0.0,0,0
40,CASH_OUT,139273.4,C89577645,79596.0,0.0,C1820319292,47124.12,186397.52,0,0
40,CASH_OUT,197742.21,C1391835456,10224.0,0.0,C1391371643,1829567.03,2027309.24,0,0
40,DEBIT,2316.83,C384026816,90309.0,87992.17,C1063777023,17196798.39,17199115.22,0,0
40,PAYMENT,9259.07,C378444872,53224.0,43964.93,M632208772,0.0,0.0,0,0
40,PAYMENT,12791.64,C1525559240,26760.0,13968.36,M1380145565,0.0,0.0,0,0
40,CASH_OUT,271626.58,C810414913,49503.0,0.0,C1177072830,386490.18,658116.77,0,0
40,CASH_OUT,294446.71,C1625242193,0.0,0.0,C1132920136,1377736.29,1672183.0,0,0
40,CASH_OUT,167207.02,C1273285101,106267.0,0.0,C552667,0.0,167207.02,0,0
40,CASH_OUT,218709.18,C61075133,1123.0,0.0,C688446131,0.0,218709.18,0,0
40,CASH_OUT,296887.57,C1554760307,38155.0,0.0,C308636101,0.0,296887.57,0,0
40,CASH_OUT,289235.2,C1161782789,30233.0,0.0,C852264283,0.0,289235.2,0,0
40,CASH_IN,256582.53,C679044334,32377.0,288959.53,C489623072,6678783.98,6422201.45,0,0
40,CASH_OUT,368352.99,C884187482,335713.0,0.0,C1999221642,454955.33,642576.87,0,0
40,CASH_OUT,111155.0,C914970085,0.0,0.0,C1773267264,548521.18,659676.18,0,0
40,CASH_IN,99482.76,C137892479,26743.0,126225.76,C2010733400,180537.95,81055.19,0,0
40,CASH_OUT,147429.92,C1795508610,83496.0,0.0,C1819414896,786353.1,933783.02,0,0
40,CASH_OUT,233547.95,C1117101257,51203.0,0.0,C1306013962,22323.0,255870.95,0,0
40,TRANSFER,825719.32,C1053810435,0.0,0.0,C1828047633,7963742.96,8789462.28,0,0
40,CASH_OUT,108456.12,C1982630223,19726.0,0.0,C1975670958,2247902.65,2356358.77,0,0
40,CASH_IN,235311.97,C933529425,430.0,235741.97,C2080303592,479264.25,243952.28,0,0
40,PAYMENT,360.78,C1505306296,10097.0,9736.22,M424598859,0.0,0.0,0,0
40,CASH_OUT,291902.46,C196762076,158653.0,0.0,C714546616,0.0,291902.46,0,0
40,PAYMENT,34524.68,C406309365,29785.0,0.0,M137076909,0.0,0.0,0,0
40,PAYMENT,5559.12,C1734381670,279484.88,273925.76,M1053643247,0.0,0.0,0,0
40,PAYMENT,23971.48,C403922850,273925.76,249954.27,M1307097797,0.0,0.0,0,0
40,PAYMENT,19254.91,C778625214,29924.0,10669.09,M2063507125,0.0,0.0,0,0
40,CASH_OUT,14407.49,C2022846471,518874.0,504466.51,C205820567,0.0,14407.49,0,0
40,CASH_OUT,456759.98,C1881441090,6419.0,0.0,C650728702,2014723.92,2471483.91,0,0
40,CASH_IN,564374.92,C429977832,199991.0,764365.92,C1063116402,1141133.7,576758.77,0,0
40,CASH_OUT,341952.65,C388357727,13777.0,0.0,C20265100,2976572.73,3349039.03,0,0
40,CASH_OUT,457351.78,C2120140468,503740.05,46388.27,C1046291708,1334435.29,1791787.06,0,0
40,PAYMENT,8522.27,C708076718,46388.27,37866.01,M881718960,0.0,0.0,0,0
40,PAYMENT,3073.86,C224596312,37866.01,34792.15,M92278054,0.0,0.0,0,0
40,CASH_IN,60011.56,C202901548,21857.0,81868.56,C1470251112,1279958.34,1219946.77,0,0
40,TRANSFER,198671.92,C1476089705,81868.56,0.0,C594912550,287054.74,485726.66,0,0
40,CASH_IN,412090.8,C1116169503,265061.0,677151.8,C658360776,330577.96,0.0,0,0
40,CASH_OUT,59341.66,C1198238036,209219.0,149877.34,C2134054685,8379261.71,8438603.38,0,0
40,CASH_OUT,156403.52,C192839933,105544.0,0.0,C132584429,7337637.27,7494040.79,0,0
40,CASH_OUT,91386.46,C112447204,256358.0,164971.54,C2041502130,0.0,91386.46,0,0
40,PAYMENT,17223.4,C2145778864,164971.54,147748.14,M1700711185,0.0,0.0,0,0
40,CASH_OUT,213947.54,C442029615,40875.0,0.0,C1022159245,47409.48,261357.02,0,0
40,CASH_OUT,623907.82,C33881966,20122.0,0.0,C1863393256,384509.06,1008416.88,0,0
40,PAYMENT,16228.89,C1389663202,684.0,0.0,M1094835434,0.0,0.0,0,0
40,PAYMENT,12935.62,C494175043,0.0,0.0,M942600204,0.0,0.0,0,0
40,PAYMENT,13585.45,C1318268776,50426.0,36840.55,M33164508,0.0,0.0,0,0
40,CASH_OUT,100772.68,C942532923,25162.0,0.0,C1104558647,2448616.98,2503768.16,0,0
40,PAYMENT,9916.53,C2001522850,0.0,0.0,M544426316,0.0,0.0,0,0
40,TRANSFER,65002.6,C1908292978,12302.0,0.0,C1734732573,223109.34,288111.94,0,0
40,CASH_OUT,332119.01,C646800975,107545.0,0.0,C1585944498,303681.75,635800.76,0,0
40,TRANSFER,1024291.12,C936733692,247547.0,0.0,C210060666,676910.45,1701201.57,0,0
40,CASH_OUT,128485.38,C223767907,14473.0,0.0,C1287681593,0.0,128485.38,0,0
40,CASH_OUT,66624.62,C226726934,18442.0,0.0,C1316096581,900618.96,967243.58,0,0
40,CASH_OUT,273444.2,C1081156855,70760.0,0.0,C1131092093,43855.46,317299.66,0,0
40,PAYMENT,8896.54,C1558658446,32159.0,23262.46,M1650748932,0.0,0.0,0,0
40,TRANSFER,895927.8,C1943430522,167.0,0.0,C1585032449,933467.29,1645288.21,0,0
40,PAYMENT,4162.83,C986296683,20336.0,16173.17,M1596449009,0.0,0.0,0,0
40,PAYMENT,23432.7,C510832991,49904.0,26471.3,M1590688350,0.0,0.0,0,0
40,TRANSFER,246716.7,C695884293,217201.0,0.0,C1926366834,1244122.66,1490839.36,0,0
40,CASH_OUT,88439.26,C1228539827,290.0,0.0,C841905397,113793.84,202233.09,0,0
40,CASH_OUT,164981.41,C1112125314,0.0,0.0,C566513524,1711801.32,1876782.73,0,0
40,PAYMENT,8552.52,C1668657311,467897.0,459344.48,M413426822,0.0,0.0,0,0
40,CASH_IN,197771.34,C29032382,3466.0,201237.34,C350383477,640149.39,442378.04,0,0
40,PAYMENT,5410.68,C243299764,48240.0,42829.32,M1086311859,0.0,0.0,0,0
40,CASH_IN,42936.54,C2063860086,78454.0,121390.54,C254886296,4457234.19,4414297.66,0,0
40,PAYMENT,9244.12,C764761767,121390.54,112146.42,M548776820,0.0,0.0,0,0
40,PAYMENT,18805.9,C509159556,112146.42,93340.52,M1166906760,0.0,0.0,0,0
40,DEBIT,1203.62,C1110098928,50568.0,49364.38,C1382131243,786364.32,787567.94,0,0
40,CASH_OUT,300834.09,C1330196170,618774.0,317939.91,C275874570,2919810.17,3220644.26,0,0
40,CASH_OUT,358429.0,C411247279,132016.51,0.0,C64735300,144831.66,294886.48,0,0
40,CASH_OUT,115861.57,C822859234,0.0,0.0,C241170782,1162396.44,1020510.05,0,0
40,CASH_OUT,321037.95,C623555952,58335.0,0.0,C590381168,0.0,321037.95,0,0
40,PAYMENT,33428.94,C596893793,720740.0,687311.06,M570697958,0.0,0.0,0,0
40,CASH_OUT,46967.5,C1297042817,189678.0,142710.5,C918141158,632673.99,679641.49,0,0
40,TRANSFER,417123.21,C1027530861,162522.0,0.0,C1875016558,0.0,417123.21,0,0
40,CASH_OUT,27891.49,C17997635,41975.0,14083.51,C2031563133,3924260.83,4032639.77,0,0
40,CASH_OUT,145870.97,C38982815,14083.51,0.0,C1144681729,1061364.35,1207235.32,0,0
40,CASH_OUT,3138.03,C902210065,24325.0,21186.97,C464089371,236159.06,239297.1,0,0
40,CASH_OUT,80564.05,C2133922124,40436.0,0.0,C865951136,477719.69,558283.75,0,0
40,CASH_IN,390923.83,C1791779182,119411.0,510334.83,C2100068851,563167.55,172243.72,0,0
40,CASH_OUT,148131.52,C2116986500,20993.0,0.0,C1193877257,196037.44,344168.96,0,0
40,CASH_OUT,300481.45,C2130199930,724729.0,424247.55,C1151215881,0.0,300481.45,0,0
40,PAYMENT,22235.65,C154439832,142307.0,120071.35,M8017857,0.0,0.0,0,0
40,CASH_IN,355894.28,C200002508,7086.0,362980.28,C1930601982,0.0,0.0,0,0
40,PAYMENT,9873.88,C923049054,40178.0,30304.12,M446261878,0.0,0.0,0,0
40,CASH_OUT,600448.75,C1217389243,60952.0,0.0,C1506160532,0.0,600448.75,0,0
40,PAYMENT,8720.95,C502265293,10680.0,1959.05,M245001282,0.0,0.0,0,0
40,PAYMENT,18371.92,C1593933117,6173.0,0.0,M1756157532,0.0,0.0,0,0
40,CASH_OUT,181936.86,C168757017,41910.0,0.0,C297399726,0.0,181936.86,0,0
40,CASH_OUT,454107.86,C1462407782,5022.0,0.0,C689380431,134990.53,589098.39,0,0
40,CASH_OUT,170318.21,C60220715,20739.0,0.0,C845236907,554475.04,724793.25,0,0
40,PAYMENT,8461.11,C226938163,0.0,0.0,M2135110741,0.0,0.0,0,0
40,PAYMENT,6751.26,C2096705657,0.0,0.0,M1223830896,0.0,0.0,0,0
40,PAYMENT,1977.28,C1931910664,0.0,0.0,M354545061,0.0,0.0,0,0
40,PAYMENT,10143.31,C544112000,0.0,0.0,M2033081680,0.0,0.0,0,0
40,PAYMENT,4762.74,C1052727971,0.0,0.0,M610915348,0.0,0.0,0,0
40,PAYMENT,4396.27,C2000174948,0.0,0.0,M2096572430,0.0,0.0,0,0
40,PAYMENT,1477.49,C945360753,0.0,0.0,M1383769370,0.0,0.0,0,0
40,PAYMENT,13471.95,C1678734126,0.0,0.0,M561873145,0.0,0.0,0,0
40,PAYMENT,802.56,C1362043168,0.0,0.0,M1459227754,0.0,0.0,0,0
40,PAYMENT,1641.43,C1240695704,0.0,0.0,M71612439,0.0,0.0,0,0
40,PAYMENT,3371.81,C743092126,0.0,0.0,M718634785,0.0,0.0,0,0
40,PAYMENT,1211.81,C2146420384,0.0,0.0,M1590316362,0.0,0.0,0,0
40,PAYMENT,3955.67,C654655314,0.0,0.0,M640180452,0.0,0.0,0,0
40,PAYMENT,11678.92,C670267463,0.0,0.0,M736084462,0.0,0.0,0,0
40,PAYMENT,16481.56,C623805544,0.0,0.0,M1080360809,0.0,0.0,0,0
40,PAYMENT,12925.79,C2095683170,0.0,0.0,M695007392,0.0,0.0,0,0
40,PAYMENT,27242.64,C2024813601,0.0,0.0,M533201897,0.0,0.0,0,0
40,PAYMENT,16953.55,C799202548,0.0,0.0,M1631946840,0.0,0.0,0,0
40,PAYMENT,20499.44,C405645677,0.0,0.0,M1202009802,0.0,0.0,0,0
40,CASH_OUT,92421.06,C2128152502,23694.0,0.0,C1749309365,9453.8,101874.87,0,0
40,CASH_OUT,106504.94,C865290109,0.0,0.0,C1531835134,25597064.03,26918734.34,0,0
40,CASH_OUT,67297.04,C1182852771,52292.0,0.0,C67400351,1436973.32,1457318.11,0,0
40,PAYMENT,15041.43,C687709151,0.0,0.0,M514837953,0.0,0.0,0,0
40,CASH_OUT,93046.8,C934205894,30758.0,0.0,C1341178321,0.0,93046.8,0,0
40,CASH_IN,194552.5,C1985647726,914.0,195466.5,C1994518409,293237.0,0.0,0,0
40,CASH_OUT,50228.19,C851302937,5209.0,0.0,C1813502462,138721.33,188949.52,0,0
40,CASH_OUT,305814.38,C1386006602,14065.0,0.0,C183952767,1273927.43,1579741.81,0,0
40,CASH_IN,133253.14,C331172662,15767.0,149020.14,C14440699,13305763.92,13172510.78,0,0
40,CASH_OUT,314976.64,C837178571,7150.0,0.0,C1718839659,1951007.05,3026710.83,0,0
40,PAYMENT,14495.46,C1842822652,11481.0,0.0,M1505584788,0.0,0.0,0,0
40,PAYMENT,3513.53,C547385966,298.0,0.0,M593701565,0.0,0.0,0,0
40,PAYMENT,18446.95,C1997523952,10489.0,0.0,M1161071171,0.0,0.0,0,0
40,PAYMENT,13745.94,C1722065801,12400.0,0.0,M1554537250,0.0,0.0,0,0
40,CASH_OUT,118544.79,C1441876748,2095.0,0.0,C118720416,1186.0,0.0,0,0
40,PAYMENT,5565.08,C888583523,0.0,0.0,M1997398175,0.0,0.0,0,0
40,CASH_OUT,203286.73,C1768084503,21621.0,0.0,C1009818004,0.0,203286.73,0,0
40,PAYMENT,28633.47,C907303708,42690.0,14056.53,M935902480,0.0,0.0,0,0
40,CASH_IN,181292.66,C802794094,1468.0,182760.66,C134066425,357102.48,175809.81,0,0
40,CASH_OUT,50422.73,C1348731374,47081.0,0.0,C1561184297,0.0,50422.73,0,0
40,PAYMENT,18674.49,C1153203269,221.0,0.0,M921594367,0.0,0.0,0,0
40,PAYMENT,1255.75,C1418084246,171722.0,170466.25,M614285209,0.0,0.0,0,0
40,PAYMENT,21410.61,C56893723,10434.0,0.0,M1182798105,0.0,0.0,0,0
40,PAYMENT,10881.56,C589294800,14567.0,3685.44,M1848864477,0.0,0.0,0,0
40,PAYMENT,112.44,C1283319545,3685.44,3573.0,M171126454,0.0,0.0,0,0
40,TRANSFER,696491.36,C1444293196,1253.0,0.0,C413651206,607985.97,1304477.33,0,0
40,PAYMENT,7213.52,C589755349,0.0,0.0,M5210982,0.0,0.0,0,0
40,PAYMENT,11050.2,C320490311,42101.0,31050.8,M1949914914,0.0,0.0,0,0
40,CASH_OUT,133468.77,C1612032555,5939.0,0.0,C1265984626,10849253.06,10982721.84,0,0
40,PAYMENT,21374.45,C482165244,193964.0,172589.55,M1572626783,0.0,0.0,0,0
40,CASH_IN,261712.86,C1661123981,11396.0,273108.86,C808107780,0.0,0.0,0,0
40,CASH_IN,251612.92,C780867380,2815.0,254427.92,C537724917,0.0,0.0,0,0
40,PAYMENT,5244.01,C1481572792,254427.92,249183.91,M1724327287,0.0,0.0,0,0
40,CASH_IN,109128.07,C283054839,10978.0,120106.07,C1346436398,628506.54,519378.47,0,0
40,PAYMENT,7087.48,C1721468271,120106.07,113018.59,M1190730437,0.0,0.0,0,0
40,CASH_IN,244253.2,C424309744,10961.0,255214.2,C1593949611,0.0,0.0,0,0
40,CASH_OUT,85940.77,C1902805636,154215.0,68274.23,C1712942012,0.0,85940.77,0,0
40,CASH_IN,118742.51,C1273024827,68274.23,187016.74,C805430943,8888688.26,8732219.84,0,0
40,CASH_IN,177156.26,C1170331056,187016.74,364173.0,C913412884,347562.97,170406.7,0,0
40,CASH_IN,104311.75,C266267403,364173.0,468484.75,C453093453,1936897.75,1832586.0,0,0
40,CASH_IN,48970.2,C704984790,468484.75,517454.94,C1870107004,2395410.82,2346440.62,0,0
40,CASH_IN,35948.51,C1738621860,517454.94,553403.45,C801854741,772153.21,736204.7,0,0
40,CASH_IN,109193.42,C738621109,553403.45,662596.88,C1338522682,1566274.59,1260986.83,0,0
40,CASH_IN,19011.66,C1417172621,662596.88,681608.54,C1187729277,413244.8,592051.72,0,0
40,CASH_IN,99502.2,C1464363346,681608.54,781110.74,C1872808437,1004789.44,905287.23,0,0
40,CASH_IN,23034.26,C983149692,781110.74,804145.01,C280620377,38376.26,15342.0,0,0
40,CASH_IN,73663.62,C632673860,804145.01,877808.63,C136174430,2004654.22,1930990.6,0,0
40,CASH_IN,2234.17,C871309377,877808.63,880042.8,C410888707,3717967.63,3715733.45,0,0
40,CASH_IN,146700.68,C662293911,880042.8,1026743.48,C1723965971,447306.66,300605.98,0,0
40,CASH_IN,55686.6,C1358200648,1026743.48,1082430.08,C1899848387,638743.02,583056.43,0,0
40,CASH_IN,96632.27,C1534624996,1082430.08,1179062.34,C724704039,6025468.14,5928835.87,0,0
40,CASH_IN,101850.0,C291461858,1179062.34,1280912.34,C261220924,652361.71,550511.71,0,0
40,CASH_IN,150595.71,C2023962667,1280912.34,1431508.06,C1198171071,400229.61,249633.9,0,0
40,CASH_IN,360046.82,C190715464,1431508.06,1791554.88,C926869366,1969432.1,1604518.02,0,0
40,CASH_IN,107581.52,C337570915,1791554.88,1899136.4,C616131375,2414192.6,2306611.08,0,0
40,CASH_IN,256502.85,C2138909768,1899136.4,2155639.25,C418461526,1317778.97,1061276.12,0,0
40,CASH_IN,257752.62,C519975404,2155639.25,2413391.87,C1516213573,1052164.11,794411.49,0,0
40,CASH_IN,280474.31,C1709803565,2413391.87,2693866.18,C935135907,3076687.94,2796213.62,0,0
40,CASH_IN,94993.56,C108469511,2693866.18,2788859.75,C1186946484,198647.07,103653.51,0,0
40,CASH_IN,81313.3,C276721389,2788859.75,2870173.04,C1238159061,945145.95,863832.65,0,0
40,CASH_IN,43649.82,C2145406047,2870173.04,2913822.86,C322607870,115416.21,71766.39,0,0
40,CASH_IN,206222.14,C1457593198,2913822.86,3120045.01,C1558083880,378505.95,172283.81,0,0
40,CASH_IN,102159.21,C1757457296,3120045.01,3222204.22,C83610222,280250.41,178091.2,0,0
40,CASH_IN,13538.26,C187349347,3222204.22,3235742.48,C203254076,585336.18,785796.81,0,0
40,CASH_IN,41310.51,C1985318637,3235742.48,3277052.99,C85153729,105294.13,63983.62,0,0
40,CASH_IN,47400.18,C674349346,3277052.99,3324453.17,C1328523536,283623.66,236223.48,0,0
40,CASH_IN,1294.07,C1161847711,3324453.17,3325747.25,C2084727544,896513.46,895219.39,0,0
40,CASH_IN,300766.37,C469707765,3325747.25,3626513.61,C1006463840,1751167.99,1450401.62,0,0
40,CASH_IN,1414.98,C1099426945,3626513.61,3627928.6,C382934088,4762484.84,4761069.86,0,0
40,CASH_IN,98634.78,C1738083650,3627928.6,3726563.37,C1297625516,130908.27,32273.5,0,0
40,CASH_IN,112362.6,C562284213,3726563.37,3838925.98,C1017105771,454713.74,342351.14,0,0
40,CASH_IN,205386.4,C1136779763,3838925.98,4044312.38,C1271399241,3382807.17,3177420.77,0,0
40,CASH_IN,405721.12,C1029504750,4044312.38,4450033.5,C1686100174,567240.22,161519.1,0,0
40,CASH_IN,228523.72,C301991706,4450033.5,4678557.22,C1826060429,686275.15,457751.43,0,0
40,CASH_IN,193373.06,C764009857,4678557.22,4871930.28,C1898127328,523333.05,329959.99,0,0
40,CASH_IN,529102.89,C1636528058,4871930.28,5401033.17,C292267926,16337587.84,15808484.95,0,0
40,CASH_IN,38280.71,C997873387,5401033.17,5439313.88,C871246504,1641164.05,1602883.34,0,0
40,CASH_IN,83409.76,C693153353,5439313.88,5522723.63,C2088935074,397788.01,314378.25,0,0
40,CASH_IN,166618.76,C1247152951,5522723.63,5689342.4,C1565887937,1082984.95,916366.19,0,0
40,CASH_IN,63303.66,C1880775544,5689342.4,5752646.06,C147148190,430463.91,367160.25,0,0
40,CASH_IN,79714.75,C431920798,5752646.06,5832360.81,C1994644909,84508.11,4793.36,0,0
40,CASH_IN,163020.36,C900747526,5832360.81,5995381.17,C1365216866,650955.19,685787.4,0,0
40,CASH_IN,91254.02,C1338370868,5995381.17,6086635.19,C596208452,3559765.18,3468511.16,0,0
40,CASH_IN,99614.17,C1839642671,6086635.19,6186249.36,C1505428898,1000007.15,741004.51,0,0
40,CASH_IN,215422.0,C4311395,6186249.36,6401671.36,C652033745,599553.51,550178.18,0,0
40,CASH_IN,569911.12,C936284172,6401671.36,6971582.48,C1153221494,3878951.29,3309040.16,0,0
40,CASH_OUT,63300.57,C1462915466,22271.0,0.0,C887040255,0.0,63300.57,0,0
40,TRANSFER,481388.95,C260959363,10781.0,0.0,C96722393,2251.7,483640.66,0,0
40,PAYMENT,18064.54,C25769664,146617.0,128552.46,M1107593229,0.0,0.0,0,0
40,PAYMENT,19125.04,C134164422,265.0,0.0,M1735795278,0.0,0.0,0,0
40,PAYMENT,22246.4,C788608854,3902.0,0.0,M1235453531,0.0,0.0,0,0
40,CASH_OUT,329100.02,C928780726,4475.0,0.0,C2056465667,0.0,329100.02,0,0
40,CASH_OUT,180317.38,C1634607425,45286.0,0.0,C1675599092,432981.97,613299.35,0,0
40,TRANSFER,716277.17,C1198723517,0.0,0.0,C54149038,4173028.57,4889305.74,0,0
40,CASH_IN,109346.72,C314033750,30085.0,139431.72,C153829770,0.0,0.0,0,0
40,PAYMENT,4028.9,C1169269783,1573.0,0.0,M1439031753,0.0,0.0,0,0
40,CASH_IN,69626.3,C174386229,753.0,70379.3,C557683888,0.0,0.0,0,0
40,CASH_OUT,138392.23,C650976857,70379.3,0.0,C1995931595,2014608.06,2153000.29,0,0
40,TRANSFER,38200.31,C1855231883,19885.0,0.0,C43598816,0.0,38200.31,0,0
40,CASH_OUT,260369.14,C338028601,4941.0,0.0,C1183536725,0.0,260369.14,0,0
40,PAYMENT,9526.67,C957201356,359943.0,350416.33,M2004632930,0.0,0.0,0,0
40,TRANSFER,102425.95,C1025424585,205.0,0.0,C1883319836,94602.64,197028.6,0,0
40,CASH_IN,73826.23,C113373043,188.0,74014.23,C1886514906,2374936.98,2301110.75,0,0
40,PAYMENT,5109.31,C1388767164,74014.23,68904.92,M1199898579,0.0,0.0,0,0
40,PAYMENT,2198.41,C255126302,300958.0,298759.59,M109524988,0.0,0.0,0,0
40,CASH_OUT,60185.67,C1671027607,767.0,0.0,C1800732690,25147.85,85333.52,0,0
40,PAYMENT,39871.89,C50580048,1015.0,0.0,M726117685,0.0,0.0,0,0
40,PAYMENT,3512.27,C348149622,0.0,0.0,M958952218,0.0,0.0,0,0
40,PAYMENT,11384.0,C618954533,0.0,0.0,M844910729,0.0,0.0,0,0
40,TRANSFER,40098.01,C607246931,11270.0,0.0,C504309217,338447.07,49254.08,0,0
40,PAYMENT,83.52,C1585175916,0.0,0.0,M1499569361,0.0,0.0,0,0
40,CASH_OUT,208983.57,C166287212,30785.0,0.0,C1989102594,501847.96,710831.52,0,0
40,CASH_OUT,314117.62,C589363008,22683.0,0.0,C1917025677,4325118.11,4639235.73,0,0
40,CASH_OUT,19102.2,C590405365,40016.0,20913.8,C1292445663,470202.99,489305.19,0,0
40,CASH_IN,275949.79,C1994545494,19884.0,295833.79,C682919074,0.0,0.0,0,0
40,CASH_IN,119107.04,C905126609,78210.0,197317.04,C1480045282,881349.09,762242.05,0,0
40,PAYMENT,9072.9,C290281944,197317.04,188244.14,M883948146,0.0,0.0,0,0
40,PAYMENT,16844.96,C1348676952,10270.0,0.0,M2091542575,0.0,0.0,0,0
40,CASH_OUT,384141.96,C131235323,31518.0,0.0,C1533171658,4329512.88,4713654.84,0,0
40,TRANSFER,825655.41,C1281719065,24628.0,0.0,C312388998,0.0,825655.41,0,0
40,PAYMENT,10012.12,C86349344,17512.0,7499.88,M719416763,0.0,0.0,0,0
40,CASH_OUT,429871.37,C1053356217,50819.0,0.0,C1410348108,1388553.37,1818424.73,0,0
40,CASH_OUT,81339.2,C1494415818,1037.0,0.0,C2130938489,0.0,0.0,0,0
40,CASH_IN,103342.78,C1890578526,142.0,103484.78,C2130158002,0.0,0.0,0,0
40,CASH_IN,391725.0,C1359136581,1058.0,392783.0,C502338559,0.0,0.0,0,0
40,PAYMENT,10913.43,C674674916,869177.0,858263.57,M1713686657,0.0,0.0,0,0
40,CASH_OUT,380661.35,C1762064667,73219.0,0.0,C21481493,3084202.05,3464863.4,0,0
40,TRANSFER,4959.99,C779694993,306.0,0.0,C1985787124,11250.44,16210.43,0,0
40,PAYMENT,28055.59,C857034530,25755.0,0.0,M1941301505,0.0,0.0,0,0
40,PAYMENT,28134.27,C765794381,21586.0,0.0,M1244087251,0.0,0.0,0,0
40,CASH_OUT,204094.86,C1406302698,0.0,0.0,C1532013361,933984.77,1138079.63,0,0
40,CASH_OUT,157815.32,C259227504,0.0,0.0,C630156188,324993.16,608549.79,0,0
40,CASH_OUT,89158.04,C168917411,0.0,0.0,C531303445,5411904.68,5501062.72,0,0
40,CASH_OUT,15079.53,C2052623081,0.0,0.0,C588441760,2571406.09,2586485.62,0,0
40,CASH_OUT,146765.45,C973447521,0.0,0.0,C370034120,1413174.96,1559940.41,0,0
40,CASH_OUT,20430.55,C781828526,0.0,0.0,C1179647291,2245190.49,2265621.04,0,0
40,CASH_OUT,20586.87,C793012671,0.0,0.0,C725421180,535179.63,555766.5,0,0
40,CASH_OUT,349833.69,C292925820,0.0,0.0,C534330359,2522906.99,2872740.68,0,0
40,CASH_OUT,113054.4,C116130970,0.0,0.0,C1934181187,169907.44,282961.85,0,0
40,CASH_OUT,123926.56,C1712857432,0.0,0.0,C1121059495,123999.42,247925.98,0,0
40,CASH_OUT,17682.25,C1788720565,0.0,0.0,C1568586188,785225.17,802907.41,0,0
40,CASH_OUT,102136.82,C1449068491,0.0,0.0,C340768337,979297.01,1081433.83,0,0
40,CASH_OUT,207157.89,C821100878,0.0,0.0,C426875724,389898.27,597056.16,0,0
40,CASH_OUT,325586.1,C390391017,0.0,0.0,C87923441,3869198.99,4194785.1,0,0
40,CASH_IN,131267.85,C276024233,14741.0,146008.85,C1984192708,4012278.93,3989101.89,0,0
40,CASH_OUT,35843.11,C1044182835,69814.0,33970.89,C1673902012,173115.3,208958.41,0,0
40,CASH_OUT,175186.42,C117406411,161470.0,0.0,C783602068,1091304.98,1266491.4,0,0
40,CASH_OUT,191566.35,C917288273,20094.0,0.0,C1338334335,579705.66,771272.01,0,0
40,CASH_OUT,18576.93,C940318382,53.0,0.0,C35073966,288451.49,307028.42,0,0
40,CASH_IN,177724.11,C1632691187,0.0,177724.11,C786256203,187320.73,9596.62,0,0
40,CASH_IN,193378.19,C478471216,21755.0,215133.19,C1332308863,699522.14,506143.95,0,0
40,PAYMENT,15995.22,C1339149516,215133.19,199137.98,M401621750,0.0,0.0,0,0
40,CASH_OUT,202117.38,C1901687936,31322.0,0.0,C649297607,63355.99,265473.36,0,0
40,CASH_OUT,487819.06,C1246211071,34969.0,0.0,C1204158415,0.0,487819.06,0,0
40,CASH_OUT,111623.92,C196196823,992.0,0.0,C775139503,1132741.88,1244365.8,0,0
40,PAYMENT,40009.42,C516140453,10539.0,0.0,M604256137,0.0,0.0,0,0
40,PAYMENT,17263.17,C1399548069,11620.0,0.0,M1435634718,0.0,0.0,0,0
40,CASH_OUT,139397.05,C1455369612,0.0,0.0,C823541396,750067.88,889464.94,0,0
40,CASH_IN,275189.28,C1401090221,17705.0,292894.28,C1433332293,0.0,0.0,0,0
40,TRANSFER,1058151.14,C1529123896,292894.28,0.0,C2096392307,2896363.34,3811443.27,0,0
40,CASH_OUT,77350.9,C504594878,15368.0,0.0,C1526202657,0.0,77350.9,0,0
40,CASH_OUT,62500.91,C837754045,17672.0,0.0,C1501617776,0.0,62500.91,0,0
40,TRANSFER,504285.62,C1974240693,0.0,0.0,C1919930418,4202396.42,4706682.04,0,0
40,PAYMENT,15827.08,C181820012,30397.0,14569.92,M139076857,0.0,0.0,0,0
40,CASH_OUT,166219.37,C1091165113,10151.0,0.0,C585678338,1110999.75,1277219.12,0,0
40,PAYMENT,13976.82,C1352236800,15720.0,1743.18,M1755597381,0.0,0.0,0,0
40,CASH_OUT,19325.21,C831571524,120157.0,100831.79,C321418963,6109764.18,6129089.39,0,0
40,CASH_OUT,289298.76,C1045104604,1124.0,0.0,C441907091,8433075.2,8722373.97,0,0
40,CASH_OUT,162257.35,C632364650,20273.0,0.0,C1958042577,0.0,996375.04,0,0
40,PAYMENT,8646.1,C1863163643,0.0,0.0,M1478019000,0.0,0.0,0,0
40,CASH_OUT,559922.76,C1040932480,21991.0,0.0,C127544163,889565.44,1449488.19,0,0
40,CASH_OUT,203208.56,C325342565,62438.0,0.0,C1006207313,129913.37,333121.94,0,0
40,CASH_OUT,226198.16,C270396340,43161.0,0.0,C210313370,0.0,226198.16,0,0
40,PAYMENT,12373.42,C245816072,208819.7,196446.28,M1782414082,0.0,0.0,0,0
40,TRANSFER,555968.23,C1539556445,196446.28,0.0,C575888262,610432.99,1166401.22,0,0
40,TRANSFER,200337.92,C620545242,0.0,0.0,C341297203,2020756.18,2277687.9,0,0
40,CASH_OUT,204992.56,C481961430,101677.0,0.0,C1572270677,545982.28,750974.85,0,0
40,CASH_IN,5213.14,C501131304,11150.0,16363.14,C1060999444,3139069.24,3663774.63,0,0
40,CASH_OUT,161326.97,C1484420834,11852.0,0.0,C120081472,131693.72,293020.68,0,0
40,CASH_OUT,70865.11,C442671907,12591.0,0.0,C413243528,4946591.85,5017456.97,0,0
40,CASH_IN,80732.23,C1463525676,6403.0,87135.23,C874455591,0.0,0.0,0,0
40,TRANSFER,528360.26,C1070386187,232008.0,0.0,C1416283760,4282777.37,4811137.63,0,0
40,PAYMENT,12941.66,C873099382,37536.0,24594.34,M998155887,0.0,0.0,0,0
40,PAYMENT,13188.46,C826688237,90382.0,77193.54,M1748200538,0.0,0.0,0,0
40,CASH_OUT,121403.77,C257763562,77193.54,0.0,C201545044,2975761.83,3097165.61,0,0
40,PAYMENT,3071.09,C1096723120,1531.0,0.0,M1116522844,0.0,0.0,0,0
40,CASH_IN,273496.85,C825109739,30845.0,304341.85,C490967957,1346899.04,1073402.19,0,0
40,CASH_IN,98175.96,C1465014364,3557.0,101732.96,C1307551708,0.0,0.0,0,0
40,CASH_IN,15295.67,C1668113196,99627.0,114922.67,C1081792747,185406.34,170110.67,0,0
40,CASH_OUT,321648.93,C1200590900,32488.0,0.0,C708981816,647863.94,969512.87,0,0
40,CASH_OUT,271222.11,C117880154,0.0,0.0,C2033082253,824889.37,1096111.48,0,0
40,CASH_OUT,283472.47,C1121164638,31236.0,0.0,C1619767054,921261.09,1204733.56,0,0
40,CASH_OUT,69610.55,C1244652075,41664.0,0.0,C159643878,64431.99,134042.54,0,0
40,CASH_OUT,614804.35,C1905968490,14665.0,0.0,C1042819052,1805021.49,2419825.84,0,0
40,CASH_OUT,14675.85,C1124336230,93494.0,78818.15,C608876889,940762.64,955438.49,0,0
40,CASH_IN,280979.94,C501440053,150466.0,431445.94,C1118695456,0.0,0.0,0,0
40,CASH_IN,378212.69,C677955864,12510.0,390722.69,C805310696,4095071.5,3716858.81,0,0
40,PAYMENT,8395.28,C259975402,390722.69,382327.41,M1812651089,0.0,0.0,0,0
40,PAYMENT,253.46,C1805591827,382327.41,382073.95,M97583473,0.0,0.0,0,0
40,PAYMENT,25137.17,C2106622105,382073.95,356936.78,M1203909422,0.0,0.0,0,0
40,PAYMENT,3994.97,C1441210744,356936.78,352941.81,M1487960124,0.0,0.0,0,0
40,PAYMENT,2455.12,C568180731,352941.81,350486.69,M2001773485,0.0,0.0,0,0
40,PAYMENT,9239.27,C466661598,350486.69,341247.42,M1090144768,0.0,0.0,0,0
40,PAYMENT,725.78,C202643331,341247.42,340521.64,M2116784231,0.0,0.0,0,0
40,PAYMENT,3034.61,C1617135932,340521.64,337487.03,M1926980986,0.0,0.0,0,0
40,PAYMENT,3143.2,C1591725229,337487.03,334343.83,M2086000569,0.0,0.0,0,0
40,PAYMENT,10504.94,C232294,334343.83,323838.89,M693821097,0.0,0.0,0,0
40,PAYMENT,15170.27,C163628427,323838.89,308668.62,M1534735125,0.0,0.0,0,0
40,PAYMENT,6309.67,C1203690407,308668.62,302358.95,M955185775,0.0,0.0,0,0
40,PAYMENT,7418.17,C923634788,302358.95,294940.78,M1030091531,0.0,0.0,0,0
40,CASH_OUT,49948.33,C204956899,84720.0,34771.67,C1010386446,0.0,49948.33,0,0
40,CASH_OUT,26466.95,C1128647304,5539.0,0.0,C1941916202,16058.06,42525.01,0,0
40,PAYMENT,11613.83,C409997352,0.0,0.0,M169825670,0.0,0.0,0,0
40,PAYMENT,19829.15,C1027094618,5266.0,0.0,M1355064575,0.0,0.0,0,0
40,PAYMENT,7491.04,C1210916767,8069.0,577.96,M946786425,0.0,0.0,0,0
40,TRANSFER,1210971.31,C1147717062,577.96,0.0,C622609024,4459815.67,5936978.49,0,0
40,TRANSFER,174402.65,C830366440,0.0,0.0,C1580447357,2038289.24,2212691.89,0,0
40,TRANSFER,426555.55,C286216895,0.0,0.0,C714933586,1141288.1,1567843.65,0,0
40,TRANSFER,181581.42,C1605154303,0.0,0.0,C773086311,1581169.86,1762751.29,0,0
40,TRANSFER,120070.59,C1567104313,0.0,0.0,C1439297173,864067.04,984137.63,0,0
40,TRANSFER,347645.9,C532897118,0.0,0.0,C521142541,664538.2,1597706.83,0,0
40,TRANSFER,122815.12,C1957854899,0.0,0.0,C2126312192,299922.75,607365.12,0,0
40,TRANSFER,458191.67,C1309359767,0.0,0.0,C253724958,747200.26,1205391.93,0,0
40,TRANSFER,306382.01,C1402434490,0.0,0.0,C72411374,959497.66,1265879.67,0,0
40,TRANSFER,235309.47,C1446767931,0.0,0.0,C405775439,696001.93,931311.4,0,0
40,TRANSFER,314799.95,C832259753,0.0,0.0,C284727169,2650696.51,2965496.46,0,0
40,TRANSFER,344741.3,C653470091,0.0,0.0,C546331192,1943416.36,2288157.66,0,0
40,CASH_OUT,23738.33,C1318159436,60109.0,36370.67,C1927218192,573710.61,597448.94,0,0
40,CASH_IN,1869.03,C1196092048,9225.0,11094.03,C1617731111,25891.84,24022.81,0,0
40,CASH_OUT,59519.65,C747590366,542811.0,483291.35,C1164606542,499597.92,559117.57,0,0
40,TRANSFER,1532610.05,C328174005,178784.0,0.0,C1399504026,409726.98,1942337.02,0,0
40,CASH_OUT,241783.02,C1375657068,6754.0,0.0,C1058623845,0.0,241783.02,0,0
40,PAYMENT,5471.0,C1097904809,100370.0,94899.0,M398393851,0.0,0.0,0,0
40,TRANSFER,1176967.64,C2014507160,11561.0,0.0,C1710707794,1546265.28,2723232.92,0,0
40,CASH_OUT,156712.71,C1596477002,100507.1,0.0,C1170847402,0.0,257363.65,0,0
40,CASH_OUT,207711.86,C453593852,0.0,0.0,C482702081,3124980.91,3811622.31,0,0
40,CASH_IN,238665.46,C1960190143,16338.0,255003.46,C1766360982,122581.64,0.0,0,0
40,CASH_OUT,57372.81,C456099981,101473.0,44100.19,C479161446,945585.11,1002957.92,0,0
40,CASH_OUT,92122.26,C115920828,52017.0,0.0,C620329430,1534750.93,1626873.18,0,0
40,CASH_OUT,97314.19,C1474767671,19993.0,0.0,C696781721,41053.5,138367.69,0,0
40,PAYMENT,40861.78,C317799084,10648.0,0.0,M1979560863,0.0,0.0,0,0
40,CASH_OUT,230159.67,C900204467,10502.0,0.0,C945736951,0.0,230159.67,0,0
40,CASH_IN,386284.99,C1542995106,88059.0,474343.99,C1943258823,0.0,0.0,0,0
40,PAYMENT,5014.43,C1078413611,474343.99,469329.56,M1488878583,0.0,0.0,0,0
40,PAYMENT,15195.09,C769555148,21227.0,6031.91,M928603897,0.0,0.0,0,0
40,PAYMENT,4764.5,C1303201576,8069.0,3304.5,M1718090921,0.0,0.0,0,0
40,PAYMENT,129.61,C942793395,1225.0,1095.39,M1164107226,0.0,0.0,0,0
40,CASH_OUT,125254.09,C1649497689,1095.39,0.0,C1093522563,179646.26,304900.35,0,0
40,CASH_OUT,457002.55,C998927374,0.0,0.0,C720179024,1617101.23,2074103.78,0,0
40,CASH_OUT,92783.19,C202978742,0.0,0.0,C1722871936,118055.43,398019.03,0,0
40,CASH_OUT,341795.64,C1598465506,0.0,0.0,C1210489031,547034.76,1078153.93,0,0
40,CASH_OUT,99137.26,C927847373,0.0,0.0,C1679004368,172986.66,272123.92,0,0
40,CASH_OUT,186529.55,C1607414582,0.0,0.0,C1885613878,1331680.18,1518209.74,0,0
40,CASH_OUT,207370.22,C440277500,0.0,0.0,C1241262208,3226765.51,3434135.73,0,0
40,CASH_OUT,222686.87,C1883100908,0.0,0.0,C544664480,245364.09,468050.96,0,0
40,CASH_OUT,71508.01,C691511453,0.0,0.0,C1963862935,3074669.13,3146177.14,0,0
40,CASH_OUT,167736.05,C264728590,0.0,0.0,C1130411959,1929423.85,3367629.89,0,0
40,CASH_OUT,103209.95,C1700555251,0.0,0.0,C2008686687,2122309.38,2225519.33,0,0
40,CASH_OUT,176815.72,C2076723458,0.0,0.0,C6309092,4782327.96,4959143.68,0,0
40,CASH_OUT,256455.61,C1869557166,0.0,0.0,C1427506542,1423353.58,1679809.18,0,0
40,CASH_OUT,63095.12,C1536976717,0.0,0.0,C1016178591,771991.26,527096.77,0,0
40,CASH_OUT,74680.41,C1569300028,0.0,0.0,C530072092,712112.19,786792.6,0,0
40,CASH_OUT,357272.86,C1689279702,0.0,0.0,C430252933,1451762.84,1809035.7,0,0
40,CASH_OUT,479325.34,C1923354547,0.0,0.0,C279870353,2813277.39,3292602.73,0,0
40,CASH_OUT,491006.43,C1245358245,0.0,0.0,C1594087708,2713273.84,3204280.27,0,0
40,CASH_OUT,61404.55,C1540597664,0.0,0.0,C923667738,1114374.6,1175779.14,0,0
40,CASH_OUT,32945.96,C1029900000,0.0,0.0,C1427142562,110577.09,143523.05,0,0
40,CASH_OUT,451315.02,C1877495656,0.0,0.0,C489416530,1857728.93,2309043.95,0,0
40,CASH_OUT,174535.56,C1879621040,0.0,0.0,C2094453979,251116.1,471953.6,0,0
40,CASH_OUT,238940.44,C916515510,0.0,0.0,C510280321,841658.58,1080599.02,0,0
40,CASH_OUT,9439.43,C332508804,0.0,0.0,C1205097230,66919.51,76358.95,0,0
40,CASH_OUT,225084.07,C1047470233,0.0,0.0,C169798908,2810942.28,3036026.34,0,0
40,CASH_OUT,163042.68,C188739545,0.0,0.0,C2119719996,533442.94,696485.62,0,0
40,CASH_OUT,43484.3,C981156178,0.0,0.0,C1275836741,555694.51,599178.8,0,0
40,CASH_OUT,168903.23,C616594711,0.0,0.0,C503335895,242094.78,605984.48,0,0
40,CASH_OUT,110258.12,C1668082430,0.0,0.0,C972580653,318458.09,54935.26,0,0
40,CASH_OUT,177275.07,C400130157,0.0,0.0,C1729548294,2029828.45,2207103.53,0,0
40,CASH_OUT,57674.19,C2009608725,0.0,0.0,C1112861184,774322.62,831996.8,0,0
40,CASH_OUT,338302.8,C1346879806,0.0,0.0,C859964315,2355058.69,2693361.49,0,0
40,CASH_OUT,84080.81,C1417210578,0.0,0.0,C2077071455,1226030.84,1310111.65,0,0
40,CASH_OUT,282885.52,C268030680,0.0,0.0,C90587517,1166680.52,1707415.88,0,0
40,CASH_OUT,177427.72,C957813160,0.0,0.0,C1944968384,490343.26,667770.98,0,0
40,CASH_OUT,18931.95,C1463253381,0.0,0.0,C738101777,128788.99,147720.94,0,0
40,CASH_OUT,208745.19,C1149908939,0.0,0.0,C419926754,221844.15,430589.34,0,0
40,CASH_OUT,205462.37,C86262416,0.0,0.0,C374051523,1155864.77,1361327.14,0,0
40,CASH_OUT,296139.92,C79665613,0.0,0.0,C2099513383,3862580.76,4158720.68,0,0
40,CASH_OUT,299607.07,C1747461006,0.0,0.0,C1630228751,502789.69,1271635.45,0,0
40,CASH_OUT,65601.19,C2097767727,0.0,0.0,C1358586717,2656337.28,2721938.47,0,0
40,CASH_OUT,310011.32,C1520339164,0.0,0.0,C1232972893,866204.87,1176216.19,0,0
40,CASH_OUT,64380.53,C580322227,0.0,0.0,C1315764929,414575.03,478955.56,0,0
40,CASH_OUT,26693.09,C185229372,0.0,0.0,C753926456,12277058.88,12303751.97,0,0
40,CASH_OUT,107968.52,C1033653359,0.0,0.0,C1209613575,3560597.29,3668565.8,0,0
40,CASH_OUT,98926.94,C334166888,0.0,0.0,C831074981,2882876.8,2981803.74,0,0
40,CASH_OUT,348913.4,C167442493,0.0,0.0,C728951498,530700.81,1064581.58,0,0
40,CASH_OUT,48755.86,C1361670846,0.0,0.0,C103618539,290209.92,338965.78,0,0
40,CASH_OUT,23115.23,C235512768,0.0,0.0,C564682428,373996.26,397111.49,0,0
40,CASH_OUT,161297.6,C1258039506,0.0,0.0,C1312351567,871287.89,1032585.49,0,0
40,CASH_OUT,392025.35,C337189536,0.0,0.0,C314927353,2206876.84,2603292.1,0,0
40,CASH_OUT,124931.18,C239019551,0.0,0.0,C1215293750,255525.1,380456.28,0,0
40,CASH_OUT,225587.61,C1298891707,0.0,0.0,C794162437,1094886.66,1320474.27,0,0
40,CASH_OUT,241573.62,C1727699068,0.0,0.0,C1066948549,1489505.58,1731079.19,0,0
40,CASH_OUT,104024.96,C988434969,31945.0,0.0,C989734135,1672049.19,1776074.15,0,0
40,CASH_OUT,330994.32,C1301447813,45252.0,0.0,C222874295,1167889.32,1794223.14,0,0
40,PAYMENT,12984.59,C1551212759,11733.0,0.0,M1853815389,0.0,0.0,0,0
40,PAYMENT,35903.54,C107742993,13026.0,0.0,M1594035701,0.0,0.0,0,0
40,CASH_IN,291552.02,C771845594,284.0,291836.02,C1702391254,1805771.38,1514219.36,0,0
40,PAYMENT,12912.2,C934598229,19367.0,6454.8,M1359350589,0.0,0.0,0,0
40,CASH_OUT,217880.49,C372103245,300529.0,82648.51,C1042473946,0.0,217880.49,0,0
40,PAYMENT,20467.48,C862394607,82648.51,62181.03,M586184360,0.0,0.0,0,0
40,CASH_OUT,6824.82,C1129238056,24334.0,17509.18,C1864846590,427159.84,433984.66,0,0
40,TRANSFER,472096.9,C995723708,353765.85,0.0,C2086651669,771130.52,1243227.42,0,0
40,PAYMENT,13767.38,C812797528,0.0,0.0,M295054280,0.0,0.0,0,0
40,PAYMENT,12582.36,C605853788,0.0,0.0,M1409282314,0.0,0.0,0,0
40,PAYMENT,4698.06,C1910338979,20713.0,16014.94,M1370871867,0.0,0.0,0,0
40,CASH_OUT,435355.46,C288056361,20858.0,0.0,C2111057675,3580423.16,4015778.62,0,0
40,CASH_OUT,423718.09,C1039179943,5131.0,0.0,C2029518292,1453229.14,1876947.23,0,0
40,CASH_IN,5651.04,C656063191,8397.0,14048.04,C2039065935,0.0,104932.09,0,0
40,CASH_OUT,28245.71,C1477564943,113642.0,85396.29,C1727512366,1067454.14,1095699.85,0,0
40,CASH_OUT,146408.1,C315746056,104030.0,0.0,C1632420864,44214.04,134511.27,0,0
40,CASH_IN,237964.14,C714901613,49853.0,287817.14,C177454387,61955.56,0.0,0,0
40,CASH_OUT,265807.38,C1478644715,287817.14,22009.77,C223897936,314056.16,579863.54,0,0
40,CASH_OUT,97170.86,C246754114,241680.0,144509.14,C225108055,18536.91,115707.77,0,0
40,CASH_OUT,2754.96,C331445307,3587.0,832.04,C2066289298,348031.43,350786.39,0,0
40,PAYMENT,12326.42,C1565542862,832.04,0.0,M388494468,0.0,0.0,0,0
40,CASH_OUT,152294.3,C820982297,10582.0,0.0,C586418681,1027854.6,1180148.9,0,0
40,CASH_IN,219977.56,C681044115,14370.0,234347.56,C1316674167,11220.09,0.0,0,0
40,CASH_OUT,260352.19,C2002180726,227.0,0.0,C1973630313,25225.24,3704.35,0,0
40,TRANSFER,622178.44,C1602061260,11083.0,0.0,C1611270877,251580.01,873758.45,0,0
40,TRANSFER,385813.24,C382410176,11378.0,0.0,C841839312,2303.55,388116.8,0,0
40,CASH_IN,1584.77,C17808634,0.0,1584.77,C1364317461,269032.51,267447.74,0,0
40,CASH_OUT,315123.92,C1078678471,1584.77,0.0,C1663406868,1049474.31,1364598.23,0,0
40,CASH_OUT,20485.47,C1931201505,22263.0,1777.53,C1870016849,0.0,20485.47,0,0
40,CASH_OUT,207736.6,C1030810975,1777.53,0.0,C1805708874,7736910.21,7944646.81,0,0
40,PAYMENT,35228.54,C1105493607,21134.0,0.0,M1537988855,0.0,0.0,0,0
40,CASH_OUT,141854.04,C1992447136,4379.0,0.0,C1573732938,0.0,141854.04,0,0
40,TRANSFER,753760.1,C1289901362,20914.0,0.0,C1060387354,0.0,753760.1,0,0
40,TRANSFER,176431.51,C773262735,0.0,0.0,C1943197804,988764.81,1165196.32,0,0
40,TRANSFER,247185.31,C729683162,0.0,0.0,C1220325378,436191.8,683377.11,0,0
40,TRANSFER,44759.13,C1333604929,0.0,0.0,C1559145228,1819943.96,2158391.16,0,0
40,TRANSFER,408400.42,C292070745,0.0,0.0,C1394736621,1154982.72,1563383.13,0,0
40,TRANSFER,217777.89,C117815694,0.0,0.0,C77076869,879204.85,1096982.74,0,0
40,TRANSFER,3827.44,C1552332144,0.0,0.0,C2001232410,264124.61,267952.05,0,0
40,TRANSFER,186831.89,C2052029339,0.0,0.0,C1192446625,4959179.53,5146011.42,0,0
40,TRANSFER,697248.74,C785992678,0.0,0.0,C1841891797,2973777.99,3825303.51,0,0
40,TRANSFER,267558.31,C79318650,0.0,0.0,C774678107,4675257.36,4942815.67,0,0
40,TRANSFER,569720.32,C1836992168,0.0,0.0,C95518290,7874397.98,8444118.31,0,0
40,TRANSFER,193534.95,C1819048767,0.0,0.0,C448109438,4492363.5,4685898.45,0,0
40,TRANSFER,861701.41,C135174959,0.0,0.0,C1217303067,18029616.86,18891318.27,0,0
40,TRANSFER,1536753.58,C1586613706,0.0,0.0,C1556755087,3411132.99,4947886.57,0,0
40,TRANSFER,2475584.24,C1095076790,0.0,0.0,C552439105,3758776.73,6234360.96,0,0
40,TRANSFER,498753.27,C1316988194,0.0,0.0,C2082083030,1700939.56,2199692.83,0,0
40,TRANSFER,1801309.87,C852793377,0.0,0.0,C836250408,6008717.41,7882859.73,0,0
40,TRANSFER,932166.34,C1660681260,0.0,0.0,C1100584947,3539878.59,4262302.18,0,0
40,TRANSFER,33630.87,C252625918,0.0,0.0,C1335780052,163351.44,196982.31,0,0
40,TRANSFER,832611.85,C1022042504,0.0,0.0,C1867792760,1782304.08,2614915.94,0,0
40,TRANSFER,846379.87,C711504804,0.0,0.0,C814964192,937696.18,1784076.05,0,0
40,TRANSFER,370527.68,C391065689,0.0,0.0,C866393199,460913.96,690158.63,0,0
40,TRANSFER,1493901.09,C1848053885,0.0,0.0,C1420356843,3514052.04,5231298.94,0,0
40,TRANSFER,124190.35,C187013968,0.0,0.0,C904300960,1749308.26,1873498.61,0,0
40,CASH_IN,207791.21,C1690299395,6078.17,213869.37,C1428853795,4298562.94,4090771.73,0,0
40,PAYMENT,5693.17,C169657653,213869.37,208176.2,M1559136499,0.0,0.0,0,0
40,CASH_IN,231801.19,C2075555621,28050.0,259851.19,C745444728,987504.78,755703.59,0,0
40,TRANSFER,1249872.93,C1618105252,126.0,0.0,C1050288717,872566.51,2122439.44,0,0
40,CASH_OUT,215132.12,C204146674,0.0,0.0,C511450367,1896129.5,2003761.66,0,0
40,CASH_OUT,386309.22,C606781332,6940.0,0.0,C1716010479,130002.76,516311.99,0,0
40,CASH_OUT,176930.98,C1827535723,20244.0,0.0,C1648080321,2000687.73,2177618.71,0,0
40,PAYMENT,7478.04,C519072289,0.0,0.0,M1253112474,0.0,0.0,0,0
40,PAYMENT,16243.26,C999762503,0.0,0.0,M950188285,0.0,0.0,0,0
40,CASH_OUT,453515.4,C622754986,300762.38,0.0,C2093266673,0.0,1043351.57,0,0
40,PAYMENT,1200.38,C1748448953,0.0,0.0,M1785785578,0.0,0.0,0,0
40,PAYMENT,23092.14,C1194902537,0.0,0.0,M286591848,0.0,0.0,0,0
40,PAYMENT,14315.1,C1078359309,0.0,0.0,M758957651,0.0,0.0,0,0
40,PAYMENT,273.93,C740640625,0.0,0.0,M366106582,0.0,0.0,0,0
40,PAYMENT,5626.0,C1724884604,0.0,0.0,M764078760,0.0,0.0,0,0
40,PAYMENT,3952.6,C722611879,0.0,0.0,M754557172,0.0,0.0,0,0
40,PAYMENT,1386.21,C933105489,0.0,0.0,M1304132768,0.0,0.0,0,0
40,PAYMENT,10569.97,C2003178662,0.0,0.0,M385475774,0.0,0.0,0,0
40,PAYMENT,12582.26,C1373275575,0.0,0.0,M1200799056,0.0,0.0,0,0
40,PAYMENT,11079.48,C1458720,0.0,0.0,M1494456968,0.0,0.0,0,0
40,PAYMENT,3170.26,C1558272800,0.0,0.0,M248190417,0.0,0.0,0,0
40,PAYMENT,10748.13,C1023299946,0.0,0.0,M2046577575,0.0,0.0,0,0
40,PAYMENT,438.7,C798111715,0.0,0.0,M2040650333,0.0,0.0,0,0
40,PAYMENT,3504.06,C924496130,0.0,0.0,M748709173,0.0,0.0,0,0
40,CASH_OUT,131042.37,C313746029,103289.0,0.0,C1473628647,0.0,131042.37,0,0
40,PAYMENT,9537.0,C1698111828,0.0,0.0,M122097233,0.0,0.0,0,0
40,CASH_OUT,237382.91,C685853249,10234.0,0.0,C1649824972,0.0,237382.91,0,0
40,CASH_IN,71065.28,C566814010,29185.0,100250.28,C1705915320,1008112.91,1413974.31,0,0
40,CASH_OUT,254140.19,C2108247510,100250.28,0.0,C74553573,1026378.95,1280519.14,0,0
40,CASH_OUT,275949.02,C1118036404,6861.0,0.0,C2002073407,8130.36,284079.38,0,0
40,CASH_OUT,103589.49,C1613891811,4990.0,0.0,C712520265,0.0,103589.49,0,0
40,CASH_OUT,11744.04,C104186090,30854.0,19109.96,C1799445899,269490.33,281234.37,0,0
40,CASH_IN,86581.35,C826669575,8035.0,94616.35,C17233802,0.0,0.0,0,0
40,PAYMENT,11743.31,C1815479258,94616.35,82873.04,M473131951,0.0,0.0,0,0
40,CASH_IN,308612.81,C883542611,129.0,308741.81,C1526854257,163392.74,0.0,0,0
40,CASH_OUT,15487.65,C715295491,11156.0,0.0,C1595060404,0.0,15487.65,0,0
40,CASH_OUT,20220.84,C1985377630,18963.0,0.0,C1607845825,0.0,20220.84,0,0
40,PAYMENT,41517.82,C1908348456,68698.0,27180.18,M197046558,0.0,0.0,0,0
40,CASH_OUT,205494.36,C897239545,13984.0,0.0,C989601895,2655905.56,2861399.92,0,0
40,PAYMENT,18723.2,C1891870349,0.0,0.0,M2034557163,0.0,0.0,0,0
40,TRANSFER,215934.75,C118266012,79293.0,0.0,C1935117352,296856.08,512790.83,0,0
40,CASH_OUT,111327.65,C1683664005,177388.0,66060.35,C1228992087,1541445.63,985664.51,0,0
40,CASH_IN,433484.24,C155228493,20505.0,453989.24,C1438787933,460338.42,0.0,0,0
40,CASH_OUT,373696.32,C1465742134,55767.0,0.0,C1276835522,755476.01,1129172.33,0,0
40,TRANSFER,662251.07,C888592697,1405.0,0.0,C1015412095,0.0,366862.18,0,0
40,PAYMENT,19195.19,C91846054,444.0,0.0,M142479029,0.0,0.0,0,0
40,PAYMENT,10359.76,C881203279,50959.0,40599.24,M918233335,0.0,0.0,0,0
40,CASH_OUT,197624.41,C2023860163,40599.24,0.0,C1507761286,1452207.35,1649831.76,0,0
40,CASH_IN,78333.09,C13764036,413.0,78746.09,C1432460301,441446.11,363113.02,0,0
40,CASH_OUT,241265.25,C68297201,10182.0,0.0,C1551788706,148959.99,390225.24,0,0
40,TRANSFER,499226.31,C1807815964,0.0,0.0,C1334227276,622468.36,1121694.67,0,0
40,TRANSFER,463130.49,C506144792,0.0,0.0,C2002576875,4510338.74,4973469.22,0,0
40,CASH_OUT,236535.81,C239591996,12992.0,0.0,C2044575882,0.0,236535.81,0,0
40,CASH_OUT,90167.56,C458184620,30084.0,0.0,C811809281,1914140.7,2004308.26,0,0
40,CASH_OUT,127281.73,C2026227756,59516.0,0.0,C1595664782,1258126.57,1385408.29,0,0
40,CASH_OUT,33898.72,C1063867588,5063.0,0.0,C966646885,0.0,33898.72,0,0
40,CASH_IN,85019.2,C235800343,114933.0,199952.2,C1142474814,505322.64,420303.44,0,0
40,PAYMENT,25129.2,C1872610125,199952.2,174823.0,M969925178,0.0,0.0,0,0
40,PAYMENT,38274.18,C1282756275,50757.0,12482.82,M842915477,0.0,0.0,0,0
40,TRANSFER,358954.06,C859563060,588.0,0.0,C1453385966,0.0,530010.99,0,0
40,PAYMENT,25808.94,C1965231707,10606.0,0.0,M323339930,0.0,0.0,0,0
40,PAYMENT,22486.95,C1339058961,353.0,0.0,M589704347,0.0,0.0,0,0
40,CASH_OUT,151073.5,C1318760306,30237.0,0.0,C2075066366,7404931.93,7556005.43,0,0
40,PAYMENT,17451.12,C1935069485,0.0,0.0,M1066579125,0.0,0.0,0,0
40,PAYMENT,5294.95,C767690024,0.0,0.0,M909696733,0.0,0.0,0,0
40,CASH_IN,129715.23,C1931656846,158987.0,288702.23,C1421288026,437613.8,562483.12,0,0
40,PAYMENT,17573.22,C1505725251,21543.0,3969.78,M1684614681,0.0,0.0,0,0
40,PAYMENT,7734.76,C341301887,3969.78,0.0,M1919406261,0.0,0.0,0,0
40,CASH_IN,312527.46,C1462216745,841.0,313368.46,C2068663249,11020200.34,10707672.88,0,0
40,CASH_OUT,459629.24,C2048085298,313368.46,0.0,C885837397,3155606.61,3615235.85,0,0
40,PAYMENT,14152.26,C1354626093,144353.0,130200.74,M471037175,0.0,0.0,0,0
40,CASH_OUT,211886.33,C1990189500,20716.0,0.0,C1290300603,0.0,325403.45,0,0
40,PAYMENT,4439.21,C377833600,10072.0,5632.79,M698796769,0.0,0.0,0,0
40,PAYMENT,26367.25,C773175278,147462.0,121094.75,M655237521,0.0,0.0,0,0
40,CASH_OUT,99206.74,C468958392,287.0,0.0,C1424302538,917061.32,1016268.06,0,0
40,CASH_OUT,10957.25,C69049573,4507.0,0.0,C307081904,12013.35,22970.61,0,0
40,CASH_IN,251992.85,C120906063,366.0,252358.85,C837933230,34025.18,121204.89,0,0
40,PAYMENT,34037.99,C1373653649,301626.0,267588.01,M1475361385,0.0,0.0,0,0
40,CASH_OUT,407775.35,C1063415494,7717.0,0.0,C1614628724,3728.38,411503.73,0,0
40,CASH_OUT,232966.86,C536665852,0.0,0.0,C908786965,2677395.68,2910362.54,0,0
40,PAYMENT,20302.08,C1285270352,105582.0,85279.92,M451863512,0.0,0.0,0,0
40,PAYMENT,4068.21,C911653405,85279.92,81211.71,M1336183061,0.0,0.0,0,0
40,CASH_IN,46399.69,C1584691866,24114.0,70513.69,C2036791881,3081217.01,3034817.32,0,0
40,TRANSFER,1250696.44,C862565039,70513.69,0.0,C228304490,2591292.8,3841989.23,0,0
40,TRANSFER,752601.9,C812408973,0.0,0.0,C1673794261,12262007.71,13014609.61,0,0
40,TRANSFER,166701.65,C1533787060,0.0,0.0,C921055101,206931.6,373633.26,0,0
40,TRANSFER,125.72,C649509609,0.0,0.0,C670450358,1030.09,1155.81,0,0
40,TRANSFER,599274.46,C1479837786,0.0,0.0,C1146258612,627051.29,1226325.75,0,0
40,TRANSFER,367128.32,C193979353,0.0,0.0,C1364634313,701349.61,1068477.93,0,0
40,TRANSFER,123813.93,C222256903,0.0,0.0,C1983570740,488923.26,612737.19,0,0
40,TRANSFER,557246.19,C516808123,0.0,0.0,C1769264284,2854460.69,3714015.97,0,0
40,TRANSFER,250152.47,C1648881760,0.0,0.0,C93733591,305601.08,555753.54,0,0
40,TRANSFER,258631.58,C371349210,0.0,0.0,C1179736421,799322.34,1057953.92,0,0
40,TRANSFER,302296.71,C1637020798,0.0,0.0,C367856933,884625.33,1186922.04,0,0
40,TRANSFER,206994.35,C297983474,0.0,0.0,C1174969295,211524.14,418518.5,0,0
40,TRANSFER,364863.4,C1289481050,0.0,0.0,C1125113761,584677.49,949540.89,0,0
40,TRANSFER,2310345.32,C1212932253,0.0,0.0,C419084602,3215948.64,5526293.96,0,0
40,TRANSFER,318942.76,C1049414894,0.0,0.0,C530732927,1210157.49,1529100.25,0,0
40,TRANSFER,1682959.79,C967224192,0.0,0.0,C610460069,3543634.08,5226593.87,0,0
40,TRANSFER,560940.92,C708056789,0.0,0.0,C1816757085,16811714.54,17372655.45,0,0
40,TRANSFER,1486410.16,C1038898182,0.0,0.0,C1379031360,16773405.32,18259815.48,0,0
40,TRANSFER,1117116.32,C1700730089,0.0,0.0,C1958187621,1184217.33,2301333.64,0,0
40,TRANSFER,539417.86,C1772706153,0.0,0.0,C1617763185,665002.7,1204420.57,0,0
40,TRANSFER,179607.89,C1671526455,0.0,0.0,C1537471880,5178678.07,5358285.95,0,0
40,TRANSFER,245633.72,C1009933345,0.0,0.0,C999150950,809487.22,1055120.93,0,0
40,CASH_OUT,199606.68,C567799570,27106.0,0.0,C418053001,4930708.62,5104427.5,0,0
40,PAYMENT,1954.01,C35031120,166.0,0.0,M1780361445,0.0,0.0,0,0
40,CASH_OUT,124031.79,C1155769043,205998.0,81966.21,C169840231,589256.87,713288.66,0,0
40,CASH_OUT,105088.73,C1515354658,31631.0,0.0,C1732151273,1116857.49,1221946.22,0,0
40,CASH_OUT,58024.54,C1823485232,71080.0,13055.46,C170275746,1500271.72,1558296.26,0,0
40,CASH_OUT,339143.27,C2003986755,10076.0,0.0,C2131367053,2340934.26,2680077.53,0,0
40,CASH_OUT,221036.49,C786344004,71983.0,0.0,C1050808895,701904.82,922941.31,0,0
40,CASH_IN,192307.01,C1737770199,7623.0,199930.01,C1918787943,0.0,0.0,0,0
40,CASH_IN,228659.76,C169880760,60719.0,289378.76,C2039855232,319050.6,158812.81,0,0
40,CASH_OUT,287338.18,C1862038734,106990.0,0.0,C1828826032,65666.11,353004.29,0,0
40,CASH_OUT,575594.75,C901475805,16606.0,0.0,C1600172289,4768474.24,5518941.31,0,0
40,CASH_OUT,298470.82,C1884042561,10357.0,0.0,C740148568,132659.33,431130.15,0,0
40,PAYMENT,715.45,C2072150556,0.0,0.0,M1985336230,0.0,0.0,0,0
40,PAYMENT,4630.84,C418290996,15651.0,11020.16,M161043797,0.0,0.0,0,0
40,CASH_OUT,277634.76,C1717871640,341.0,0.0,C1032959539,0.0,110245.91,0,0
40,PAYMENT,428.38,C1056211857,50026.0,49597.62,M1377812038,0.0,0.0,0,0
40,PAYMENT,4290.9,C300903085,49597.62,45306.72,M1390954732,0.0,0.0,0,0
40,CASH_OUT,46374.74,C1218093355,427482.17,381107.43,C1194705622,321406.91,367781.65,0,0
40,PAYMENT,6203.28,C1733876720,381107.43,374904.15,M227049396,0.0,0.0,0,0
40,CASH_OUT,179524.85,C490203585,26822.0,0.0,C1960870542,2883601.97,3063126.82,0,0
40,PAYMENT,26091.84,C12161205,134779.0,108687.16,M555703305,0.0,0.0,0,0
40,TRANSFER,588839.45,C1873076801,39698.0,0.0,C1018402678,0.0,588839.45,0,0
40,PAYMENT,39881.85,C1308587925,4682.0,0.0,M26180263,0.0,0.0,0,0
40,CASH_OUT,195189.45,C1512804747,124.0,0.0,C565027897,474895.89,670085.33,0,0
40,PAYMENT,16748.94,C315999845,51317.0,34568.06,M606099573,0.0,0.0,0,0
40,CASH_OUT,103235.04,C1577079828,34568.06,0.0,C397180218,303929.98,407165.01,0,0
40,CASH_OUT,320544.96,C1486954902,26034.0,0.0,C1104353803,0.0,320544.96,0,0
40,CASH_OUT,126104.49,C1694183945,1201.0,0.0,C1110044516,0.0,126104.49,0,0
40,CASH_IN,184061.11,C1119759635,32391.0,216452.11,C1891714241,7276.35,0.0,0,0
40,CASH_OUT,100948.81,C516055460,51260.0,0.0,C1298946624,222041.85,322990.67,0,0
40,PAYMENT,33087.85,C1337876091,0.0,0.0,M1919440639,0.0,0.0,0,0
40,TRANSFER,2473950.66,C1099774740,21275.29,0.0,C1579014602,103612.28,2577562.94,0,0
40,PAYMENT,247.24,C1280294336,0.0,0.0,M1899986868,0.0,0.0,0,0
40,PAYMENT,10931.31,C1104150722,0.0,0.0,M1772996215,0.0,0.0,0,0
40,PAYMENT,1410.92,C1480447807,0.0,0.0,M1383448915,0.0,0.0,0,0
40,PAYMENT,12913.48,C325197263,0.0,0.0,M352059306,0.0,0.0,0,0
40,PAYMENT,670.59,C583620133,0.0,0.0,M1590322294,0.0,0.0,0,0
40,PAYMENT,5631.12,C1564841477,0.0,0.0,M378021032,0.0,0.0,0,0
40,PAYMENT,5628.3,C2115510306,0.0,0.0,M1937506883,0.0,0.0,0,0
40,DEBIT,625.07,C41437079,14861.0,14235.93,C1745574763,496856.0,253580.55,0,0
40,TRANSFER,1139573.01,C1434623508,6254.0,0.0,C1440090738,0.0,1139573.01,0,0
40,CASH_IN,296283.84,C1789177270,13995.0,310278.84,C1087818852,603607.84,307324.0,0,0
40,CASH_OUT,111955.24,C2035926203,65.0,0.0,C578848088,0.0,111955.24,0,0
40,CASH_OUT,284186.5,C962425080,41044.0,0.0,C1583190689,563705.88,847892.37,0,0
40,PAYMENT,19783.77,C2028878841,140501.0,120717.23,M938012751,0.0,0.0,0,0
40,CASH_OUT,192365.81,C2332181,2708.0,0.0,C710244528,0.0,192365.81,0,0
40,TRANSFER,55707.36,C1378610265,6089.0,0.0,C1612733939,0.0,55707.36,0,0
40,PAYMENT,12100.58,C1536369686,0.0,0.0,M730455459,0.0,0.0,0,0
40,CASH_OUT,337499.1,C931554809,22226.0,0.0,C483404633,2333741.58,2827731.32,0,0
40,PAYMENT,6784.6,C985796212,20976.0,14191.4,M2016620206,0.0,0.0,0,0
40,CASH_OUT,376902.3,C498237646,14191.4,0.0,C1406968003,7115779.19,7492681.5,0,0
40,CASH_OUT,99674.45,C421500716,0.0,0.0,C1198778182,476469.18,576143.63,0,0
40,CASH_OUT,226910.84,C864328661,108071.0,0.0,C493943883,1253823.54,1480734.38,0,0
40,PAYMENT,11093.35,C1378063701,108133.0,97039.65,M1537137455,0.0,0.0,0,0
40,PAYMENT,27110.08,C1046315399,21212.0,0.0,M697364394,0.0,0.0,0,0
40,CASH_OUT,500093.27,C1733775088,0.0,0.0,C504209850,2117413.97,2617507.24,0,0
40,CASH_OUT,400502.74,C1253947030,51292.0,0.0,C1937675811,0.0,400502.74,0,0
40,PAYMENT,10094.57,C406738943,0.0,0.0,M922556141,0.0,0.0,0,0
40,CASH_IN,525320.61,C1803611660,33311.0,558631.61,C1768668778,0.0,0.0,0,0
40,PAYMENT,9025.47,C1278147820,307927.0,298901.53,M650500921,0.0,0.0,0,0
40,CASH_OUT,377721.87,C2027023218,298901.53,0.0,C1757818214,421113.79,798835.66,0,0
40,CASH_OUT,619799.83,C349018858,14001.0,0.0,C67559520,7617017.36,8236817.19,0,0
40,CASH_IN,453251.57,C792714499,68940.0,522191.57,C1069008916,0.0,0.0,0,0
40,PAYMENT,5974.8,C657180622,522191.57,516216.77,M1347822114,0.0,0.0,0,0
40,PAYMENT,21246.94,C682948616,516216.77,494969.82,M2033385432,0.0,0.0,0,0
40,PAYMENT,18276.7,C14566023,233110.0,214833.3,M1635268492,0.0,0.0,0,0
40,PAYMENT,8461.83,C1845749523,214833.3,206371.47,M10553652,0.0,0.0,0,0
40,CASH_OUT,41922.37,C1922673117,6003.0,0.0,C1596289722,4435888.17,4477810.55,0,0
40,CASH_IN,209742.74,C1383937109,0.0,209742.74,C1100584947,4472044.93,4262302.18,0,0
40,CASH_IN,179162.42,C599226998,209742.74,388905.17,C1617481121,870545.62,691383.2,0,0
40,CASH_IN,97051.64,C735522717,388905.17,485956.8,C910785901,945898.15,1103033.32,0,0
40,CASH_IN,157180.52,C348109947,485956.8,643137.32,C1483591057,701447.25,544266.74,0,0
40,CASH_IN,87469.83,C802942245,643137.32,730607.15,C670976261,597936.28,510466.45,0,0
40,CASH_IN,25930.75,C933709410,730607.15,756537.9,C2144017916,125096.96,99166.21,0,0
40,CASH_IN,191674.54,C631123148,756537.9,948212.43,C1926866857,651146.05,459471.51,0,0
40,CASH_IN,17317.48,C1286275168,948212.43,965529.92,C1353787188,149656.12,7370.12,0,0
40,CASH_IN,232054.7,C1021931029,965529.92,1197584.62,C1567030178,4090932.44,3858877.74,0,0
40,CASH_IN,182929.88,C829467580,1197584.62,1380514.5,C1274234564,1212922.49,1029992.61,0,0
40,CASH_IN,179651.79,C1708923154,1380514.5,1560166.29,C553602983,2679117.65,3178174.56,0,0
40,CASH_IN,223270.06,C1910554057,1560166.29,1783436.35,C2102659935,1886067.22,1542881.97,0,0
40,CASH_IN,138982.51,C101645350,1783436.35,1922418.86,C809141640,297449.15,154816.35,0,0
40,CASH_IN,110012.73,C848792080,1922418.86,2032431.59,C247605460,661072.58,551059.85,0,0
40,CASH_IN,444884.82,C923144665,2032431.59,2477316.42,C996710093,476101.83,31217.0,0,0
40,CASH_IN,200121.19,C1140653061,2477316.42,2677437.6,C1489381817,5108162.45,4908041.26,0,0
40,CASH_IN,459980.56,C853727120,2677437.6,3137418.16,C1053283195,514690.51,54709.95,0,0
40,CASH_IN,14525.83,C1017842902,3137418.16,3151943.99,C1248274854,317704.66,303178.83,0,0
40,CASH_IN,235.33,C1000626755,3151943.99,3152179.32,C570425905,749200.21,748964.88,0,0
40,CASH_IN,297972.44,C521962982,3152179.32,3450151.76,C504309217,378545.07,49254.08,0,0
40,CASH_OUT,142461.11,C1004965826,565.0,0.0,C563300002,341720.26,484181.37,0,0
40,CASH_OUT,448925.54,C1599072724,19986.0,0.0,C1825113889,471532.5,920458.04,0,0
40,PAYMENT,11132.37,C1184941628,22153.0,11020.63,M1030244539,0.0,0.0,0,0
40,PAYMENT,25134.94,C847206475,49634.0,24499.06,M316544665,0.0,0.0,0,0
40,CASH_OUT,9738.62,C1376760792,24499.06,14760.44,C1630332842,62714.58,72453.2,0,0
40,PAYMENT,23321.17,C769463474,114920.0,91598.83,M1705552962,0.0,0.0,0,0
40,PAYMENT,884.03,C127927472,91598.83,90714.8,M681506543,0.0,0.0,0,0
40,CASH_OUT,220755.65,C1831014346,734.0,0.0,C1409077585,57232.87,277988.52,0,0
40,CASH_IN,444737.73,C1296655504,10286.0,455023.73,C2004176798,124550.14,0.0,0,0
40,CASH_OUT,62807.65,C1246456845,0.0,0.0,C1845819949,0.0,62807.65,0,0
40,PAYMENT,1501.56,C364761637,0.0,0.0,M1612042759,0.0,0.0,0,0
40,PAYMENT,13102.03,C1719551857,0.0,0.0,M2009363639,0.0,0.0,0,0
40,CASH_OUT,236942.68,C202615952,1420.0,0.0,C1451098268,838682.13,1075624.81,0,0
40,CASH_OUT,315208.44,C1121506047,0.0,0.0,C280925409,726031.13,1041239.58,0,0
40,CASH_OUT,37611.49,C1451835418,0.0,0.0,C1289227054,433496.65,471108.14,0,0
40,CASH_OUT,26036.95,C45938608,0.0,0.0,C873851840,2192630.44,2218667.39,0,0
40,CASH_OUT,142667.56,C333102171,0.0,0.0,C2142290210,238495.54,381163.1,0,0
40,CASH_OUT,92457.43,C395430901,0.0,0.0,C1860421117,218272.6,492939.94,0,0
40,CASH_OUT,58098.8,C193249421,0.0,0.0,C985400156,3069636.81,3127735.6,0,0
40,CASH_OUT,266414.75,C1860220730,0.0,0.0,C2145483521,570104.22,836518.97,0,0
40,CASH_OUT,143365.74,C681502425,0.0,0.0,C1508172710,451487.22,594852.96,0,0
40,CASH_OUT,71152.36,C826887772,0.0,0.0,C1144296130,143273.69,214426.05,0,0
40,CASH_OUT,27988.28,C484728912,0.0,0.0,C1914072147,715975.58,743963.86,0,0
40,CASH_OUT,110234.97,C2010537361,0.0,0.0,C589763727,964788.19,1075023.17,0,0
40,CASH_OUT,3138.37,C681694620,0.0,0.0,C1996178157,22318.0,25456.37,0,0
40,CASH_OUT,392151.1,C1407276410,0.0,0.0,C154701061,2123103.45,2515254.55,0,0
40,CASH_OUT,379432.17,C1815628214,35387.0,0.0,C472119603,0.0,379432.17,0,0
40,PAYMENT,14397.96,C700955509,20529.0,6131.04,M258770660,0.0,0.0,0,0
40,CASH_IN,64551.04,C1459575030,18316.0,82867.04,C2116314262,274095.37,209544.33,0,0
40,CASH_IN,628430.24,C2024070758,28016.0,656446.24,C23538972,551686.22,0.0,0,0
40,CASH_OUT,61099.91,C1823268372,27542.0,0.0,C1476942309,162034.09,223134.0,0,0
40,CASH_OUT,165022.37,C119287491,85870.0,0.0,C1277441189,55033.88,220056.25,0,0
40,PAYMENT,5322.07,C730394174,0.0,0.0,M1971409607,0.0,0.0,0,0
40,PAYMENT,28242.15,C2144828957,0.0,0.0,M433794322,0.0,0.0,0,0
40,CASH_OUT,103213.44,C1968097545,7220.0,0.0,C632646357,761578.63,1063539.91,0,0
40,TRANSFER,1570427.35,C170310157,35903.0,0.0,C561847441,0.0,1570427.35,0,0
40,CASH_OUT,369824.13,C1321536194,643.0,0.0,C924495035,82861.67,452685.8,0,0
40,PAYMENT,2527.6,C246816181,0.0,0.0,M229874667,0.0,0.0,0,0
40,TRANSFER,390263.57,C846904962,1288.0,0.0,C1955023616,254693.93,644957.5,0,0
40,PAYMENT,1850.4,C1410281749,0.0,0.0,M1793770900,0.0,0.0,0,0
40,CASH_OUT,216719.12,C2065131489,39701.0,0.0,C553804968,268969.8,485688.92,0,0
40,PAYMENT,5141.75,C478042287,0.0,0.0,M827606444,0.0,0.0,0,0
40,PAYMENT,23453.42,C229568631,28373.0,4919.58,M1304864332,0.0,0.0,0,0
40,CASH_OUT,224815.01,C596845691,229012.0,4196.99,C2041238932,40766.13,265581.14,0,0
40,TRANSFER,740534.81,C821656704,39726.0,0.0,C17167991,0.0,740534.81,0,0
40,PAYMENT,13087.91,C1244536736,0.0,0.0,M841102447,0.0,0.0,0,0
40,PAYMENT,1783.39,C136871596,206297.0,204513.61,M1942883925,0.0,0.0,0,0
40,CASH_OUT,195121.84,C1235733651,204513.61,9391.77,C326243571,614783.88,809905.72,0,0
40,CASH_OUT,31960.69,C1778718852,11158.0,0.0,C50317758,118932.66,150893.36,0,0
40,PAYMENT,17024.66,C554944118,745.0,0.0,M581752999,0.0,0.0,0,0
40,CASH_OUT,191026.47,C1436044085,21498.0,0.0,C571899820,260758.93,732260.17,0,0
40,PAYMENT,5361.12,C396077114,0.0,0.0,M671415497,0.0,0.0,0,0
40,CASH_OUT,289017.04,C1814651022,28098.0,0.0,C639661773,485726.04,774743.08,0,0
40,PAYMENT,13143.51,C2080333789,10928.0,0.0,M837804768,0.0,0.0,0,0
40,CASH_OUT,200641.77,C1048752800,0.0,0.0,C1467456170,1236978.63,1437620.4,0,0
40,CASH_OUT,78958.81,C419993838,258.0,0.0,C14626189,237728.13,316686.94,0,0
40,PAYMENT,32484.46,C403189157,6166.0,0.0,M1455305894,0.0,0.0,0,0
40,CASH_IN,262104.03,C2097322851,105490.0,367594.03,C1503936397,1125160.57,863056.54,0,0
40,PAYMENT,520.36,C546350021,5575.0,5054.64,M2041370487,0.0,0.0,0,0
40,CASH_IN,331619.71,C1578162144,665.0,332284.71,C1484952929,215896.16,0.0,0,0
40,PAYMENT,27865.96,C924878530,332284.71,304418.75,M311137640,0.0,0.0,0,0
40,CASH_IN,848108.53,C218365729,200547.0,1048655.53,C1412095226,1724784.93,876676.4,0,0
40,PAYMENT,3689.49,C1433700022,1048655.53,1044966.04,M1724980300,0.0,0.0,0,0
40,PAYMENT,13107.18,C675276075,1044966.04,1031858.86,M987233786,0.0,0.0,0,0
40,PAYMENT,5945.45,C1273470240,1031858.86,1025913.42,M624610156,0.0,0.0,0,0
40,PAYMENT,10393.38,C1920689245,1025913.42,1015520.04,M2001108933,0.0,0.0,0,0
40,PAYMENT,14142.58,C12575376,1015520.04,1001377.46,M1932343360,0.0,0.0,0,0
40,PAYMENT,700.14,C1524491252,1001377.46,1000677.32,M505485117,0.0,0.0,0,0
40,PAYMENT,4185.8,C1643498763,1000677.32,996491.52,M2063599181,0.0,0.0,0,0
40,PAYMENT,5558.85,C1324849306,996491.52,990932.67,M1492772486,0.0,0.0,0,0
40,PAYMENT,4715.34,C388752647,990932.67,986217.33,M1826798529,0.0,0.0,0,0
40,PAYMENT,3481.45,C514055567,986217.33,982735.88,M167367947,0.0,0.0,0,0
40,PAYMENT,6424.75,C1102187246,982735.88,976311.12,M947359146,0.0,0.0,0,0
40,CASH_OUT,52805.91,C951611534,20302.0,0.0,C463643727,332789.99,328603.03,0,0
40,CASH_IN,104554.93,C2133764895,113754.0,218308.93,C2010192954,124896.33,7763.93,0,0
40,CASH_IN,107410.35,C773466990,218308.93,325719.28,C1202588060,3341770.63,3234360.28,0,0
40,CASH_IN,136037.88,C704965082,325719.28,461757.16,C1243087286,190372.72,54334.83,0,0
40,CASH_IN,77809.36,C1371787284,461757.16,539566.53,C872327092,5998743.6,5920934.24,0,0
40,CASH_IN,20706.67,C1530916704,539566.53,560273.19,C1370333504,213235.58,192528.91,0,0
40,CASH_IN,84323.31,C612498994,560273.19,644596.5,C348156274,1727207.73,1702219.09,0,0
40,CASH_IN,32047.23,C700881217,644596.5,676643.73,C330663002,296943.8,264896.57,0,0
40,CASH_IN,90121.88,C1716174621,676643.73,766765.61,C1954883443,2329369.12,2239247.23,0,0
40,CASH_IN,40097.73,C1118443611,766765.61,806863.34,C572925271,2603074.78,2562977.05,0,0
40,CASH_IN,113737.64,C1769021010,806863.34,920600.98,C869170075,654837.83,541100.19,0,0
40,CASH_IN,44809.04,C1960873644,920600.98,965410.02,C1077520347,93755.28,48946.24,0,0
40,CASH_IN,92652.23,C1197569402,965410.02,1058062.26,C752994572,474800.94,382148.7,0,0
40,CASH_IN,74096.38,C1436271885,1058062.26,1132158.63,C1810024103,1061037.9,986941.53,0,0
40,CASH_IN,149865.66,C888783458,1132158.63,1282024.29,C172798660,1218514.02,1068648.36,0,0
40,CASH_IN,188587.12,C1151119295,1282024.29,1470611.41,C441979274,1150526.2,961939.08,0,0
40,CASH_IN,467093.8,C144361715,1470611.41,1937705.22,C1720675831,1579946.77,1291801.73,0,0
40,CASH_IN,37712.51,C60999488,1937705.22,1975417.73,C127352345,165227.74,47832.51,0,0
40,CASH_IN,122329.37,C2033385348,1975417.73,2097747.1,C2027772769,611623.66,489294.29,0,0
40,CASH_IN,14427.53,C1483884106,2097747.1,2112174.62,C850806812,2426598.43,2412170.91,0,0
40,CASH_IN,16435.23,C116510951,2112174.62,2128609.85,C1295056276,867017.6,850582.37,0,0
40,CASH_IN,46377.53,C326934462,2128609.85,2174987.38,C1136956307,642443.22,749914.47,0,0
40,CASH_IN,57225.48,C2103221386,2174987.38,2232212.87,C524863871,508737.5,451512.01,0,0
40,CASH_IN,97491.04,C928433533,2232212.87,2329703.91,C1575524839,117054.56,19563.52,0,0
40,CASH_IN,142947.54,C1059610008,2329703.91,2472651.45,C781552995,1746705.29,1603757.75,0,0
40,CASH_IN,456266.15,C1222554796,2472651.45,2928917.6,C1494894937,4900661.81,4444395.66,0,0
40,CASH_IN,70517.64,C1375717873,2928917.6,2999435.24,C560714940,3276423.58,3147944.87,0,0
40,CASH_IN,35518.42,C1342407582,2999435.24,3034953.66,C352844725,695024.91,641286.39,0,0
40,CASH_IN,246038.3,C767217819,3034953.66,3280991.96,C402727399,6232269.58,5986231.28,0,0
40,CASH_IN,349048.51,C276593236,3280991.96,3630040.47,C309673098,1735920.61,1386872.1,0,0
40,CASH_IN,146645.86,C1071880683,3630040.47,3776686.33,C424918165,1823878.51,1677232.66,0,0
40,CASH_IN,169691.89,C1940972282,3776686.33,3946378.22,C1470362374,996291.83,558729.53,0,0
40,CASH_IN,42491.8,C141937183,3946378.22,3988870.02,C404161228,2440902.39,2398410.58,0,0
40,CASH_IN,32925.71,C2074656671,3988870.02,4021795.73,C274255537,70209.48,37283.78,0,0
40,CASH_IN,5321.6,C1478974912,4021795.73,4027117.32,C1323976391,1386591.62,1381270.02,0,0
40,CASH_IN,251733.2,C754242316,4027117.32,4278850.52,C1052159253,1856509.15,1604775.95,0,0
40,CASH_IN,165814.85,C175624639,4278850.52,4444665.37,C21705680,2859084.91,2693270.06,0,0
40,CASH_IN,22129.18,C874365737,4444665.37,4466794.55,C661540905,2072545.95,2050416.78,0,0
40,CASH_IN,170782.49,C1446400311,4466794.55,4637577.04,C1296266953,4823042.39,4652259.9,0,0
40,CASH_IN,146144.54,C1548784718,4637577.04,4783721.58,C296847872,2020927.06,1874782.52,0,0
40,CASH_IN,257949.46,C1746820178,4783721.58,5041671.04,C888243316,290267.32,32317.86,0,0
40,CASH_IN,443883.48,C851500787,5041671.04,5485554.52,C476749033,876790.43,432906.95,0,0
40,CASH_IN,213058.21,C1444650613,5485554.52,5698612.73,C1176170869,272919.72,59861.51,0,0
40,CASH_IN,104976.54,C246518300,5698612.73,5803589.27,C338382927,1806276.98,1701300.44,0,0
40,CASH_IN,223498.74,C349680468,5803589.27,6027088.02,C1910371854,446986.42,223487.68,0,0
40,CASH_IN,126846.85,C542425211,6027088.02,6153934.87,C1792764831,132752.0,5905.15,0,0
40,CASH_IN,264009.32,C716573234,6153934.87,6417944.19,C1105527690,13311434.71,13047425.39,0,0
40,CASH_IN,2702.91,C680872970,6417944.19,6420647.1,C2115634451,26240.05,23537.14,0,0
40,CASH_IN,193665.42,C24184671,6420647.1,6614312.52,C324327570,1872763.33,1679097.9,0,0
40,CASH_IN,200101.88,C119556114,6614312.52,6814414.4,C1438354844,8647472.42,8447370.54,0,0
40,CASH_IN,41587.71,C501036382,6814414.4,6856002.11,C1576729814,2550685.81,2509098.11,0,0
40,CASH_IN,87572.23,C522903539,6856002.11,6943574.35,C1632618636,981811.19,894238.96,0,0
40,CASH_IN,122937.58,C384329910,6943574.35,7066511.93,C1079654765,1847546.12,1724608.54,0,0
40,CASH_IN,8146.52,C328057505,7066511.93,7074658.45,C2146003714,284374.31,276227.8,0,0
40,CASH_IN,478070.11,C1728995915,7074658.45,7552728.56,C1496076372,1784390.4,1044196.18,0,0
40,CASH_IN,201721.28,C781384734,7552728.56,7754449.84,C2004588756,857592.86,655871.58,0,0
40,CASH_IN,22716.19,C2078968994,7754449.84,7777166.04,C1033659655,118156.47,95440.28,0,0
40,CASH_IN,79682.72,C110084532,7777166.04,7856848.76,C127352345,127515.23,47832.51,0,0
40,CASH_IN,92664.24,C310896404,7856848.76,7949513.0,C1582278847,504607.38,411943.13,0,0
40,CASH_IN,69817.1,C726440790,7949513.0,8019330.1,C271303581,177100.84,107283.74,0,0
40,CASH_IN,120525.71,C74226945,8019330.1,8139855.81,C983076862,1201628.55,1081102.85,0,0
40,CASH_IN,88430.13,C2090237529,8139855.81,8228285.94,C453391985,353951.56,265521.42,0,0
40,CASH_IN,6567.74,C1359251864,8228285.94,8234853.68,C1675227538,216421.64,209853.9,0,0
40,CASH_IN,211894.24,C509427397,8234853.68,8446747.92,C1562558337,9575902.54,9364008.29,0,0
40,CASH_IN,25935.73,C2126068890,8446747.92,8472683.65,C1373140263,206969.47,181033.75,0,0
40,CASH_IN,135851.93,C823325090,8472683.65,8608535.58,C1314492199,326415.68,190563.75,0,0
40,CASH_IN,244291.35,C1143993937,8608535.58,8852826.93,C208376827,262476.71,18185.36,0,0
40,CASH_OUT,111903.99,C871580423,159041.0,47137.01,C935078190,0.0,111903.99,0,0
40,CASH_OUT,109005.18,C77198351,11271.0,0.0,C242307199,2106324.11,2215329.29,0,0
40,CASH_OUT,227158.16,C580946655,42104.0,0.0,C1523934333,6364.73,233522.88,0,0
40,PAYMENT,18033.65,C419855780,0.0,0.0,M809828088,0.0,0.0,0,0
40,PAYMENT,4024.01,C2075544947,157067.0,153042.99,M1575409320,0.0,0.0,0,0
40,CASH_OUT,166216.46,C2007460845,153042.99,0.0,C754053208,1273663.06,1439879.52,0,0
40,PAYMENT,12499.57,C1610873055,50669.0,38169.43,M697822329,0.0,0.0,0,0
40,PAYMENT,7425.85,C1118780533,18858.0,11432.15,M245096398,0.0,0.0,0,0
40,CASH_OUT,165504.81,C1906383810,11432.15,0.0,C520462832,2717137.11,2882641.91,0,0
40,CASH_IN,88690.08,C1732498859,10382.0,99072.08,C559154038,159955.56,71265.49,0,0
40,PAYMENT,7424.28,C1555304866,99072.08,91647.8,M201445461,0.0,0.0,0,0
40,PAYMENT,12778.1,C1971827996,91647.8,78869.7,M210819210,0.0,0.0,0,0
40,PAYMENT,26728.93,C1884680635,5095.0,0.0,M1918108828,0.0,0.0,0,0
40,CASH_IN,105974.44,C976445599,3459.0,109433.44,C572298876,0.0,355673.38,0,0
40,PAYMENT,16654.24,C812493787,109433.44,92779.19,M1869237316,0.0,0.0,0,0
40,CASH_OUT,296841.82,C1028183505,54123.0,0.0,C1379358170,592162.35,889004.17,0,0
40,CASH_OUT,182022.68,C475954559,6608.0,0.0,C223049543,51739.25,233761.93,0,0
40,TRANSFER,155262.73,C1102069340,90013.0,0.0,C1112926070,224309.38,379572.1,0,0
40,PAYMENT,15956.29,C2089108034,68307.0,52350.71,M119072350,0.0,0.0,0,0
40,PAYMENT,14749.87,C1749206599,52350.71,37600.84,M675305421,0.0,0.0,0,0
40,CASH_OUT,136910.72,C2114033621,79505.0,0.0,C1787705223,630051.05,766961.78,0,0
40,PAYMENT,20134.48,C1047245917,8430.0,0.0,M1080372521,0.0,0.0,0,0
40,PAYMENT,14569.06,C1790047447,0.0,0.0,M419195243,0.0,0.0,0,0
40,CASH_IN,246342.56,C2077687669,56017.0,302359.56,C221400919,8588786.41,8342443.85,0,0
40,PAYMENT,2487.15,C305367363,302359.56,299872.42,M2000801950,0.0,0.0,0,0
40,CASH_IN,25263.43,C202201132,59683.0,84946.43,C1160122405,1378863.74,1353600.31,0,0
40,PAYMENT,10488.96,C1080832911,84946.43,74457.47,M1318830928,0.0,0.0,0,0
40,CASH_OUT,2877.76,C925314877,102177.0,99299.24,C790826696,1787785.62,1790663.38,0,0
40,PAYMENT,7534.46,C1359863245,99299.24,91764.78,M1885109288,0.0,0.0,0,0
40,PAYMENT,347.19,C1615704112,824.0,476.81,M1847408067,0.0,0.0,0,0
40,CASH_OUT,183159.97,C1363246712,41733.0,0.0,C607087259,37236.37,220396.34,0,0
40,CASH_OUT,80515.11,C1114633540,109251.0,28735.89,C1887568287,1582217.7,1829048.9,0,0
40,PAYMENT,4642.5,C1328419081,10823.0,6180.5,M1218086402,0.0,0.0,0,0
40,CASH_OUT,468738.44,C309494743,1161.0,0.0,C1781770337,0.0,468738.44,0,0
40,CASH_OUT,50835.95,C789221640,467.0,0.0,C1421294159,750532.4,1522818.82,0,0
40,PAYMENT,9425.08,C278100921,0.0,0.0,M212161855,0.0,0.0,0,0
40,CASH_IN,279239.64,C172950343,17621.0,296860.64,C1991990683,0.0,0.0,0,0
40,PAYMENT,9930.87,C1899381207,30637.0,20706.13,M2054402811,0.0,0.0,0,0
40,CASH_OUT,255687.33,C1549343783,20706.13,0.0,C275240684,5139336.52,5395023.86,0,0
40,CASH_OUT,59879.11,C788429264,0.0,0.0,C1189020503,386645.35,446524.46,0,0
40,CASH_OUT,134578.82,C1829088545,0.0,0.0,C1291664589,2462928.91,2597507.73,0,0
40,PAYMENT,24646.77,C168177168,10885.0,0.0,M506110803,0.0,0.0,0,0
40,CASH_OUT,137812.11,C1128753599,0.0,0.0,C1005373489,471994.26,609806.37,0,0
40,CASH_OUT,184863.97,C57387091,0.0,0.0,C1609601223,9903052.37,10087916.34,0,0
40,CASH_OUT,57004.19,C950431872,14454.0,0.0,C803330617,4474586.79,4531590.98,0,0
40,CASH_OUT,91325.7,C1943891196,157099.0,65773.3,C1036088207,0.0,91325.7,0,0
40,PAYMENT,14824.28,C196077993,65773.3,50949.02,M1440276927,0.0,0.0,0,0
40,CASH_IN,120922.5,C1584507380,16228.0,137150.5,C797777322,0.0,0.0,0,0
40,CASH_OUT,255084.27,C1188271178,21766.0,0.0,C1746666051,27294.38,282378.65,0,0
40,PAYMENT,11950.18,C851828632,0.0,0.0,M537003366,0.0,0.0,0,0
40,CASH_OUT,30149.3,C1945052827,122.0,0.0,C660181346,0.0,30149.3,0,0
40,CASH_OUT,310565.08,C692362600,22174.0,0.0,C2051767259,97550.9,408115.98,0,0
40,CASH_OUT,127969.7,C903982791,60194.0,0.0,C565933375,0.0,127969.7,0,0
40,DEBIT,1474.93,C91796520,24311.0,22836.07,C1178070891,240707.54,242182.48,0,0
40,CASH_OUT,151259.84,C262767074,41782.0,0.0,C57215989,4985865.12,5137124.96,0,0
40,PAYMENT,2790.26,C42721954,0.0,0.0,M975496098,0.0,0.0,0,0
40,PAYMENT,16947.29,C2059258170,30966.0,14018.71,M970518814,0.0,0.0,0,0
40,PAYMENT,11439.73,C1679526517,21865.0,10425.27,M2034195623,0.0,0.0,0,0
40,CASH_OUT,56033.68,C1834987171,9022.0,0.0,C1475243647,2725181.75,2781215.43,0,0
40,PAYMENT,4909.61,C326234647,15068.0,10158.39,M721525294,0.0,0.0,0,0
40,PAYMENT,483.57,C685253005,10158.39,9674.82,M945993859,0.0,0.0,0,0
40,CASH_OUT,35957.7,C606012626,184.0,0.0,C694376242,464767.47,500725.17,0,0
40,CASH_OUT,285102.91,C65550997,49995.0,0.0,C987030372,1904718.54,2189821.45,0,0
40,CASH_OUT,293180.43,C1792386860,165040.0,0.0,C1554074254,471941.96,765122.4,0,0
40,CASH_OUT,267653.24,C1205779541,0.0,0.0,C1366693617,345234.09,629998.69,0,0
40,CASH_OUT,658931.89,C456858088,0.0,0.0,C190539894,928908.1,1587839.99,0,0
40,CASH_OUT,125931.28,C1497736328,0.0,0.0,C176295628,3591595.49,3717526.76,0,0
40,CASH_OUT,55226.0,C518952011,0.0,0.0,C1448348248,7432589.66,7487815.66,0,0
40,CASH_OUT,20949.16,C744533975,0.0,0.0,C417719016,837532.49,564129.42,0,0
40,CASH_OUT,199631.87,C1876363242,0.0,0.0,C119715735,1169782.7,1369414.57,0,0
40,CASH_OUT,92177.04,C457346940,0.0,0.0,C1072255997,901716.05,993893.08,0,0
40,CASH_OUT,143064.63,C1910774931,0.0,0.0,C1799618304,6854674.43,6997739.07,0,0
40,CASH_OUT,40238.65,C1490230127,0.0,0.0,C2114134621,7068916.85,7109155.5,0,0
40,CASH_OUT,222894.76,C267169736,0.0,0.0,C1884318364,448095.68,670990.43,0,0
40,CASH_OUT,56106.27,C5957670,0.0,0.0,C808681689,255064.36,311170.63,0,0
40,CASH_OUT,63736.2,C1359703098,0.0,0.0,C71555810,2082431.81,2146168.01,0,0
40,CASH_OUT,37346.37,C297995543,103479.0,66132.63,C388395512,0.0,37346.37,0,0
40,PAYMENT,10078.46,C2075877896,66132.63,56054.17,M746040961,0.0,0.0,0,0
40,CASH_OUT,215143.49,C639069577,267571.0,52427.51,C442527023,234301.27,449444.76,0,0
40,CASH_OUT,220931.24,C792029161,209440.0,0.0,C1080854900,0.0,220931.24,0,0
40,CASH_IN,263180.99,C255781669,48979.0,312159.99,C1823985491,632539.3,369358.32,0,0
40,CASH_OUT,91166.39,C506224613,102110.0,10943.61,C1608760524,639441.74,730608.12,0,0
40,CASH_OUT,56001.91,C55186060,88091.0,32089.09,C299112504,0.0,56001.91,0,0
40,CASH_OUT,28980.54,C130295587,248951.0,219970.46,C274650343,0.0,28980.54,0,0
40,TRANSFER,193896.8,C2145092413,163409.0,0.0,C1719638394,0.0,193896.8,0,0
40,CASH_IN,154616.62,C66332756,273475.19,428091.81,C209466174,341640.87,187024.24,0,0
40,PAYMENT,13282.8,C1358533844,428091.81,414809.02,M1981963479,0.0,0.0,0,0
40,PAYMENT,3018.24,C1430518597,414809.02,411790.78,M2010636081,0.0,0.0,0,0
40,CASH_OUT,295329.43,C1796516395,8.0,0.0,C1417693296,2688991.1,2984320.54,0,0
40,PAYMENT,7447.61,C263489402,0.0,0.0,M1172818970,0.0,0.0,0,0
40,CASH_OUT,220025.25,C209759680,9093.0,0.0,C1326960541,9627.43,229652.68,0,0
40,PAYMENT,14285.21,C1108020105,0.0,0.0,M1764744165,0.0,0.0,0,0
40,CASH_OUT,207891.95,C307453382,51434.0,0.0,C737996101,347048.96,554940.9,0,0
40,PAYMENT,11391.52,C456400097,0.0,0.0,M24714061,0.0,0.0,0,0
40,CASH_IN,109524.19,C371066996,72136.0,181660.19,C1184462744,0.0,0.0,0,0
40,PAYMENT,10254.66,C506190364,181660.19,171405.52,M633540140,0.0,0.0,0,0
40,PAYMENT,55576.43,C1814678186,47002.0,0.0,M177349363,0.0,0.0,0,0
40,CASH_OUT,277746.02,C1252647559,11241.0,0.0,C1725994404,213515.46,525644.26,0,0
40,CASH_OUT,101396.81,C2007377808,50263.0,0.0,C1596592506,395943.9,497340.71,0,0
40,PAYMENT,2313.58,C1433980756,20487.0,18173.42,M1315367602,0.0,0.0,0,0
40,TRANSFER,1500186.89,C1264485411,209.0,0.0,C1168576105,0.0,1500186.89,0,0
40,CASH_OUT,95736.28,C226664575,1293.0,0.0,C873700262,414656.22,510392.5,0,0
40,CASH_OUT,160281.3,C513006836,0.0,0.0,C1588881419,583288.36,743569.66,0,0
40,CASH_OUT,124560.84,C1742309102,85228.0,0.0,C1457920252,3416.11,127976.95,0,0
40,TRANSFER,562491.98,C1486453162,178.0,0.0,C521288332,0.0,562491.98,0,0
40,CASH_IN,41116.71,C1082178462,2008.0,43124.71,C1158354416,1487618.17,1735850.56,0,0
40,PAYMENT,7032.51,C1089780486,43124.71,36092.2,M1798417152,0.0,0.0,0,0
40,CASH_IN,140181.14,C2021055461,10693.0,150874.14,C934403313,442220.12,302038.98,0,0
40,CASH_OUT,402407.54,C1030734654,50111.0,0.0,C964568007,1002164.98,1404572.52,0,0
40,TRANSFER,182819.9,C1487299358,0.0,0.0,C829224144,916453.55,1099273.46,0,0
40,PAYMENT,23827.35,C1042922145,123582.0,99754.65,M1884219250,0.0,0.0,0,0
40,CASH_IN,407476.12,C863747190,99754.65,507230.77,C74239778,11797012.17,11389536.04,0,0
40,CASH_IN,123796.83,C1479444372,507230.77,631027.6,C1533264160,2896277.78,2772480.96,0,0
40,CASH_IN,161742.76,C732021378,631027.6,792770.35,C662748844,1191237.31,1029494.56,0,0
40,CASH_IN,22701.82,C743687667,792770.35,815472.18,C1966333167,1288562.85,1265861.02,0,0
40,CASH_IN,150189.39,C1118127107,815472.18,965661.57,C1134288656,383911.1,233721.7,0,0
40,CASH_IN,67276.37,C1855678948,965661.57,1032937.94,C156523399,1219747.98,1152471.61,0,0
40,CASH_IN,52153.42,C1259017063,1032937.94,1085091.36,C883481793,1471743.19,1419589.77,0,0
40,CASH_IN,6039.51,C2034576296,1085091.36,1091130.87,C17932933,74610.16,68570.65,0,0
40,CASH_OUT,84542.75,C287895007,20057.0,0.0,C603533580,2204510.69,2289053.44,0,0
40,CASH_IN,22231.06,C617181783,31846.0,54077.06,C1799526644,0.0,0.0,0,0
40,CASH_OUT,408033.63,C936037762,78140.0,0.0,C1354594827,0.0,408033.63,0,0
40,CASH_OUT,177535.52,C1728227512,20110.0,0.0,C220610376,208880.2,386415.72,0,0
40,CASH_OUT,178462.49,C823326610,0.0,0.0,C846904332,829775.12,1008237.61,0,0
40,CASH_IN,230758.98,C1579573293,49624.0,280382.98,C1638152295,1883123.41,1652364.43,0,0
40,CASH_IN,40964.76,C1063325878,195834.0,236798.76,C1756965554,1602090.18,1561125.42,0,0
40,CASH_OUT,93996.79,C1297361034,21119.0,0.0,C1844897892,113633.66,207630.45,0,0
40,CASH_OUT,24589.22,C1801255125,100645.0,76055.78,C189742742,0.0,24589.22,0,0
40,PAYMENT,3097.58,C102161051,76055.78,72958.19,M826646095,0.0,0.0,0,0
40,CASH_OUT,76444.51,C1564074133,30952.0,0.0,C230981038,13071.0,89515.51,0,0
40,CASH_OUT,169602.96,C1362047415,209017.0,39414.04,C1476213591,1865426.76,2035029.72,0,0
40,PAYMENT,9639.62,C1633549067,39414.04,29774.42,M2088220297,0.0,0.0,0,0
40,PAYMENT,8722.13,C1851313370,29774.42,21052.3,M1188227631,0.0,0.0,0,0
40,PAYMENT,26072.76,C1213842525,12262.0,0.0,M157020193,0.0,0.0,0,0
40,PAYMENT,19368.85,C567133132,14975.0,0.0,M1889523272,0.0,0.0,0,0
40,CASH_OUT,98273.08,C1986174762,0.0,0.0,C715668449,233929.69,332202.77,0,0
40,CASH_IN,141767.54,C552514367,559793.67,701561.21,C1691827395,0.0,0.0,0,0
40,PAYMENT,22397.19,C1869793101,701561.21,679164.02,M1632727421,0.0,0.0,0,0
40,PAYMENT,827.83,C61352370,679164.02,678336.19,M1451890099,0.0,0.0,0,0
40,CASH_OUT,341282.6,C792459392,52188.0,0.0,C668835595,0.0,341282.6,0,0
40,PAYMENT,28990.27,C1158393475,10393.0,0.0,M128776745,0.0,0.0,0,0
40,CASH_OUT,2769.87,C26038498,0.0,0.0,C764276466,1086442.24,1089212.11,0,0
40,CASH_OUT,84215.82,C1895978923,24768.0,0.0,C1044280129,4936518.06,5020733.89,0,0
40,PAYMENT,1643.35,C1768263870,0.0,0.0,M158880265,0.0,0.0,0,0
40,CASH_OUT,96720.58,C1645812100,66283.0,0.0,C1471255784,0.0,96720.58,0,0
40,CASH_OUT,90228.44,C29730147,30393.0,0.0,C795684055,1410336.35,1500564.79,0,0
40,TRANSFER,82990.31,C1147151749,58731.0,0.0,C697279837,109095.48,192085.78,0,0
40,PAYMENT,4242.46,C256106266,0.0,0.0,M624697935,0.0,0.0,0,0
40,CASH_OUT,189370.09,C167671094,22358.0,0.0,C30783657,55530.14,244900.23,0,0
40,CASH_OUT,265545.64,C1291269505,27596.0,0.0,C743661837,791218.59,1056764.23,0,0
40,CASH_OUT,144913.49,C1574799370,1261.0,0.0,C555506083,0.0,144913.49,0,0
40,PAYMENT,8278.78,C423094180,10175.0,1896.22,M1671067249,0.0,0.0,0,0
40,TRANSFER,474121.36,C372509886,19625.0,0.0,C842359546,236227.57,710348.93,0,0
40,CASH_OUT,42600.72,C664292266,868.0,0.0,C387517585,2106093.52,2148694.24,0,0
40,PAYMENT,10312.92,C20218426,42680.0,32367.08,M825050515,0.0,0.0,0,0
40,TRANSFER,39256.42,C130744052,32367.08,0.0,C998803756,1303243.49,1342499.91,0,0
40,TRANSFER,697174.75,C1659510972,11732.0,0.0,C442881660,1093360.85,1790535.6,0,0
40,PAYMENT,4301.62,C1206537097,0.0,0.0,M472944442,0.0,0.0,0,0
40,TRANSFER,93886.02,C1281224470,26421.0,0.0,C1801280347,209341.09,303227.1,0,0
40,CASH_OUT,84128.97,C2130823649,27116.0,0.0,C690251976,0.0,84128.97,0,0
40,CASH_OUT,399683.9,C1780638603,680.0,0.0,C1956840840,237308.86,636992.76,0,0
40,CASH_OUT,79672.96,C1928558762,366.0,0.0,C395022014,5556.0,39873.43,0,0
40,PAYMENT,4262.69,C1366629565,0.0,0.0,M550148531,0.0,0.0,0,0
40,CASH_OUT,225723.26,C1502447642,341406.0,115682.74,C813095057,830094.55,1055817.81,0,0
40,PAYMENT,12057.7,C819105193,23873.0,11815.3,M1237057530,0.0,0.0,0,0
40,CASH_IN,336639.47,C1028190335,191.0,336830.47,C1392551468,26019.0,0.0,0,0
40,CASH_OUT,282676.91,C137392788,86.0,0.0,C1482455618,2001717.02,2972348.66,0,0
40,CASH_OUT,285089.02,C749406718,6222.0,0.0,C1514738968,742293.9,1027382.92,0,0
40,PAYMENT,25145.02,C981034942,0.0,0.0,M1078506374,0.0,0.0,0,0
40,CASH_OUT,350424.26,C1265094089,2368.0,0.0,C610552078,70695.04,421119.29,0,0
40,CASH_OUT,341916.14,C1073203618,12189.0,0.0,C138685093,626686.65,968602.79,0,0
40,CASH_OUT,155154.36,C1321340277,19860.0,0.0,C1342442925,0.0,155154.36,0,0
40,CASH_IN,176042.2,C1259553704,12346.0,188388.2,C519957188,1439362.22,1263320.02,0,0
40,CASH_IN,512939.16,C1055905414,54774.0,567713.16,C1443035825,196667.88,0.0,0,0
40,CASH_OUT,184594.12,C1062515232,32234.0,0.0,C1244140292,1046730.85,1231324.97,0,0
40,CASH_OUT,125689.21,C1629731098,7409.0,0.0,C1315814642,179210.47,304899.67,0,0
40,PAYMENT,5099.13,C813475989,212551.0,207451.87,M1885799418,0.0,0.0,0,0
40,CASH_OUT,164246.35,C1782082148,1335.0,0.0,C285198325,294008.43,1458486.32,0,0
40,TRANSFER,1124573.2,C372237648,0.0,0.0,C1194757177,1634229.38,2758802.58,0,0
40,CASH_OUT,90642.88,C1128451840,159016.0,68373.12,C1236991832,110119.14,289907.69,0,0
40,CASH_OUT,5240.94,C200440897,12684.0,7443.06,C122841130,0.0,5240.94,0,0
40,PAYMENT,12136.94,C573594641,299768.42,287631.48,M1272719458,0.0,0.0,0,0
40,CASH_OUT,81290.46,C506713302,287631.48,206341.03,C294181944,173344.3,254634.75,0,0
40,TRANSFER,757740.31,C112960293,65168.0,0.0,C673485812,893787.61,1651527.92,0,0
40,TRANSFER,156987.64,C642492215,0.0,0.0,C189599756,1574142.34,1731129.98,0,0
40,CASH_OUT,139224.21,C209585316,831441.64,692217.43,C703976483,0.0,166322.17,0,0
40,PAYMENT,847.03,C216786073,692217.43,691370.39,M1469242538,0.0,0.0,0,0
40,PAYMENT,1211.77,C748403568,691370.39,690158.63,M1354547555,0.0,0.0,0,0
40,PAYMENT,137.7,C60827841,15091.0,14953.3,M1108788115,0.0,0.0,0,0
40,CASH_OUT,125573.66,C866627738,391376.0,265802.34,C1934230275,885504.63,1403037.87,0,0
40,CASH_IN,41497.17,C94816340,288.0,41785.17,C775968074,0.0,0.0,0,0
40,CASH_IN,179767.35,C130158081,203552.0,383319.35,C1590633471,0.0,0.0,0,0
40,PAYMENT,25708.68,C1933332273,72592.0,46883.32,M2106655404,0.0,0.0,0,0
40,CASH_OUT,57300.38,C1313247522,8141.0,0.0,C1976096999,1978406.6,2035706.98,0,0
40,CASH_OUT,160248.77,C1499675885,41936.0,0.0,C1808585861,797151.59,957400.36,0,0
40,CASH_OUT,104066.39,C1219999031,0.0,0.0,C1380619120,154619.38,258685.76,0,0
40,CASH_OUT,647923.47,C1028016879,729.0,0.0,C1634879358,75136.52,911381.45,0,0
40,TRANSFER,424515.87,C1198724068,0.0,0.0,C1468740016,1587056.87,2011572.74,0,0
40,TRANSFER,51723.98,C129485747,0.0,0.0,C1667392784,373518.99,425242.97,0,0
40,TRANSFER,162882.73,C1927075967,0.0,0.0,C1838442162,382847.55,545730.27,0,0
40,TRANSFER,326008.82,C2101540345,0.0,0.0,C1796652361,1311929.86,1637938.68,0,0
40,TRANSFER,5736.12,C577844614,0.0,0.0,C242701648,325988.62,331724.74,0,0
40,TRANSFER,139554.95,C455247912,0.0,0.0,C1552837026,1534121.06,1673676.01,0,0
40,TRANSFER,20029.51,C262775827,0.0,0.0,C1308548424,518792.43,538821.94,0,0
40,TRANSFER,10803.14,C1705932066,0.0,0.0,C256474898,1837396.31,1848199.45,0,0
40,TRANSFER,222830.08,C1322823956,0.0,0.0,C1926879492,564190.19,969188.3,0,0
40,TRANSFER,311823.5,C1093931823,0.0,0.0,C1629691974,3208025.1,3437681.38,0,0
40,TRANSFER,119869.57,C67092006,0.0,0.0,C91911259,746677.86,866547.42,0,0
40,TRANSFER,259483.6,C359582750,0.0,0.0,C457856795,478443.95,737927.55,0,0
40,CASH_OUT,209343.55,C515215286,199334.0,0.0,C2042828608,84482.88,293826.43,0,0
40,CASH_OUT,233248.46,C2138659364,71573.0,0.0,C488082561,211922.48,445170.94,0,0
40,CASH_IN,84293.44,C17417571,11455.0,95748.44,C1989252169,0.0,0.0,0,0
40,CASH_OUT,481436.71,C1650780000,217161.0,0.0,C994223319,0.0,533635.3,0,0
40,PAYMENT,1487.71,C1352535205,0.0,0.0,M1694745832,0.0,0.0,0,0
40,CASH_IN,275917.35,C720250870,1011.0,276928.35,C1588819841,288110.52,12193.17,0,0
40,PAYMENT,12759.11,C1869912620,11135.0,0.0,M1336891459,0.0,0.0,0,0
40,PAYMENT,6228.01,C879813082,0.0,0.0,M1878696245,0.0,0.0,0,0
40,PAYMENT,5389.5,C605352732,5012.0,0.0,M298637981,0.0,0.0,0,0
40,PAYMENT,14332.77,C570525519,26.0,0.0,M407402803,0.0,0.0,0,0
40,CASH_IN,203934.31,C457700661,135.0,204069.31,C837333214,0.0,0.0,0,0
40,CASH_OUT,384946.73,C1823005938,0.0,0.0,C2060398777,212328.35,597275.09,0,0
40,PAYMENT,6668.35,C1119684055,0.0,0.0,M434601298,0.0,0.0,0,0
40,PAYMENT,13121.68,C1026411782,0.0,0.0,M399034653,0.0,0.0,0,0
40,PAYMENT,28454.53,C1030878606,12000.0,0.0,M526254751,0.0,0.0,0,0
40,TRANSFER,794790.09,C1279830415,20659.0,0.0,C364050025,0.0,794790.09,0,0
40,CASH_OUT,54636.56,C488182074,25829.0,0.0,C2112142847,0.0,54636.56,0,0
40,CASH_IN,99683.66,C804670098,17880.0,117563.66,C791948783,13059.2,0.0,0,0
40,PAYMENT,21759.28,C1087635209,117563.66,95804.38,M1230905933,0.0,0.0,0,0
40,PAYMENT,28629.05,C471558813,2853.0,0.0,M19140950,0.0,0.0,0,0
40,PAYMENT,13830.19,C1590730188,0.0,0.0,M1722060817,0.0,0.0,0,0
40,PAYMENT,10277.8,C556552666,0.0,0.0,M2312712,0.0,0.0,0,0
40,PAYMENT,17800.81,C1523026237,0.0,0.0,M413249132,0.0,0.0,0,0
40,PAYMENT,3888.19,C1539350051,0.0,0.0,M1101655129,0.0,0.0,0,0
40,PAYMENT,841.08,C666962736,0.0,0.0,M847643498,0.0,0.0,0,0
40,PAYMENT,7708.5,C1843966623,0.0,0.0,M1663914079,0.0,0.0,0,0
40,PAYMENT,13274.44,C1276792705,0.0,0.0,M1317378107,0.0,0.0,0,0
40,PAYMENT,98.45,C1725019966,0.0,0.0,M1870113811,0.0,0.0,0,0
40,PAYMENT,2646.21,C1896845371,0.0,0.0,M329878113,0.0,0.0,0,0
40,PAYMENT,12090.41,C2024449901,0.0,0.0,M720341855,0.0,0.0,0,0
40,PAYMENT,7084.11,C669796465,0.0,0.0,M2018059375,0.0,0.0,0,0
40,PAYMENT,4436.62,C1442145732,0.0,0.0,M51820886,0.0,0.0,0,0
40,PAYMENT,8230.61,C1182582405,0.0,0.0,M2007496825,0.0,0.0,0,0
40,PAYMENT,1318.22,C151156748,0.0,0.0,M1072217203,0.0,0.0,0,0
40,PAYMENT,13339.91,C520097253,0.0,0.0,M1470913100,0.0,0.0,0,0
40,PAYMENT,3180.81,C1307876013,0.0,0.0,M923122756,0.0,0.0,0,0
40,PAYMENT,22088.15,C678813796,0.0,0.0,M499036444,0.0,0.0,0,0
40,PAYMENT,56281.86,C1953915380,0.0,0.0,M1846215842,0.0,0.0,0,0
40,PAYMENT,13842.61,C1769652167,0.0,0.0,M27579813,0.0,0.0,0,0
40,PAYMENT,9617.14,C1184529828,0.0,0.0,M1887592385,0.0,0.0,0,0
40,CASH_OUT,369236.16,C1287275153,503.0,0.0,C1768001470,288791.13,658027.3,0,0
40,CASH_IN,384913.73,C1796521822,10930.0,395843.73,C1271043388,377134.7,0.0,0,0
40,PAYMENT,18782.85,C2121697477,19297.0,514.15,M485014685,0.0,0.0,0,0
40,CASH_IN,295675.72,C47766363,31946.0,327621.72,C793524474,36259.27,0.0,0,0
40,CASH_OUT,110692.03,C1282959889,327621.72,216929.69,C1639708058,3516408.8,3627100.83,0,0
40,PAYMENT,7652.99,C100852731,104201.0,96548.01,M1599581170,0.0,0.0,0,0
40,CASH_IN,522126.03,C454144320,300.0,522426.03,C1834487363,589679.72,67553.68,0,0
40,CASH_OUT,529285.8,C339110097,303958.0,0.0,C1705828374,107733.46,637019.26,0,0
40,TRANSFER,177114.44,C96099479,11655.0,0.0,C1403509170,0.0,177114.44,0,0
40,PAYMENT,12182.65,C1741713385,59632.0,47449.35,M1901939170,0.0,0.0,0,0
40,PAYMENT,28677.18,C1443551224,52759.0,24081.82,M25388874,0.0,0.0,0,0
40,CASH_IN,78626.74,C1707671476,41964.0,120590.74,C2024293519,44898.92,155379.16,0,0
40,PAYMENT,15288.67,C2118236342,120590.74,105302.07,M2129921425,0.0,0.0,0,0
40,CASH_IN,152497.12,C1691849778,5135.0,157632.12,C1410393548,0.0,0.0,0,0
40,PAYMENT,31615.9,C1187050051,594844.0,563228.1,M901215781,0.0,0.0,0,0
40,CASH_OUT,121162.76,C1798387087,275331.0,154168.24,C2015536783,4376556.28,4497719.04,0,0
40,CASH_OUT,292321.05,C866081503,41472.0,0.0,C1809228102,2174986.38,2467307.43,0,0
40,CASH_IN,182557.21,C1921836037,705319.0,887876.21,C154512860,31163.22,0.0,0,0
40,PAYMENT,3982.7,C2089071151,887876.21,883893.51,M511405437,0.0,0.0,0,0
40,PAYMENT,20457.35,C1476101583,883893.51,863436.16,M1111687161,0.0,0.0,0,0
40,CASH_IN,65139.2,C453916756,14862.0,80001.2,C660601115,1110355.4,1045216.2,0,0
40,PAYMENT,3592.69,C1591459533,95930.0,92337.31,M1426431268,0.0,0.0,0,0
40,CASH_OUT,68047.54,C7150922,92337.31,24289.78,C724806878,886914.77,954962.31,0,0
40,CASH_OUT,469624.93,C1783323019,50765.0,0.0,C1063439474,0.0,469624.93,0,0
40,CASH_OUT,72999.41,C1776660441,11645.0,0.0,C1717909909,0.0,415919.62,0,0
40,CASH_OUT,135645.88,C275833724,0.0,0.0,C2023250164,1626996.25,1762642.13,0,0
40,CASH_OUT,200489.06,C2015312757,0.0,0.0,C1919865315,2660789.57,2890112.92,0,0
40,TRANSFER,386921.5,C1219015420,22082.0,0.0,C36188889,4696338.24,5083259.74,0,0
40,CASH_OUT,266022.8,C217532247,0.0,0.0,C1520928508,673549.28,939572.08,0,0
40,CASH_IN,96028.42,C462110390,75826.0,171854.42,C444235227,0.0,0.0,0,0
40,CASH_OUT,222198.5,C449739297,171854.42,0.0,C1443145490,708193.49,781008.64,0,0
40,CASH_OUT,148331.79,C402396374,475903.82,327572.03,C786631574,61167.64,209499.44,0,0
40,PAYMENT,15164.13,C554116225,327572.03,312407.9,M1673253017,0.0,0.0,0,0
40,CASH_OUT,71627.29,C181248445,24952.0,0.0,C1010926627,0.0,71627.29,0,0
40,CASH_OUT,384101.29,C2103463574,104278.0,0.0,C1482717516,562951.39,947052.68,0,0
40,CASH_OUT,134107.0,C1700482711,11013.0,0.0,C33600103,0.0,134107.0,0,0
40,CASH_OUT,509298.87,C1482253757,415253.42,0.0,C1824628952,9501.04,518799.9,0,0
40,CASH_IN,111106.2,C1065281346,0.0,111106.2,C1045101840,2242727.61,2131621.41,0,0
40,CASH_IN,134182.71,C1075124933,111106.2,245288.91,C1915001548,720074.44,585891.74,0,0
40,CASH_IN,119952.01,C2139478950,245288.91,365240.92,C1232510447,2924057.33,2804105.32,0,0
40,CASH_IN,89703.43,C1818373478,365240.92,454944.35,C1437400949,340896.66,251193.22,0,0
40,CASH_IN,232485.01,C611222367,454944.35,687429.37,C372062896,603784.94,371299.92,0,0
40,CASH_IN,138218.59,C1288005157,687429.37,825647.95,C1719618119,459748.04,321529.46,0,0
40,CASH_IN,23927.45,C499961072,825647.95,849575.4,C154018702,465221.61,441294.16,0,0
40,CASH_IN,232.09,C1614334770,849575.4,849807.49,C375279957,293224.57,292992.48,0,0
40,CASH_IN,151290.34,C815581201,849807.49,1001097.83,C670203527,5619131.13,5467840.79,0,0
40,CASH_IN,133662.42,C1469015145,1001097.83,1134760.25,C64263949,136009.16,2346.74,0,0
40,CASH_IN,122324.38,C752847140,1134760.25,1257084.64,C256443308,1069775.53,947451.15,0,0
40,CASH_IN,58354.55,C169387734,1257084.64,1315439.18,C10514927,3104500.39,3046145.85,0,0
40,CASH_IN,130843.07,C1553087428,1315439.18,1446282.26,C91214269,1541797.7,1410954.63,0,0
40,CASH_IN,399385.28,C1880272915,1446282.26,1845667.54,C1892660637,4868579.08,4801890.47,0,0
40,CASH_IN,25334.78,C550797724,1845667.54,1871002.32,C1257252550,2406971.91,2381637.13,0,0
40,CASH_IN,209653.93,C1865792838,1871002.32,2080656.25,C226791217,954340.99,744687.05,0,0
40,CASH_IN,74.77,C582285183,2080656.25,2080731.03,C266140298,1710420.61,1710345.83,0,0
40,CASH_IN,155388.84,C1203980562,2080731.03,2236119.87,C1517380884,1445064.37,1289675.53,0,0
40,CASH_IN,178279.85,C1134553111,2236119.87,2414399.72,C778313418,3833158.25,3654878.4,0,0
40,CASH_IN,18093.55,C16954031,2414399.72,2432493.26,C2074189571,549914.9,531821.35,0,0
40,CASH_IN,149357.5,C76067583,2432493.26,2581850.77,C168484346,1196484.67,1047127.17,0,0
40,CASH_IN,85543.67,C1507782821,2581850.77,2667394.44,C92796918,2121738.98,2036195.31,0,0
40,CASH_IN,16282.46,C1706915033,199171.0,215453.46,C229859092,395642.68,379360.22,0,0
40,CASH_OUT,294041.6,C1899902219,106823.0,0.0,C413177525,14909627.45,15203669.06,0,0
40,CASH_OUT,398650.46,C820018841,5526.0,0.0,C483370168,1016363.49,1415013.95,0,0
40,CASH_OUT,306572.86,C504757240,0.0,0.0,C2104652067,12876309.63,13182882.49,0,0
40,CASH_OUT,116855.67,C268455775,0.0,0.0,C688343933,2145739.69,2262595.36,0,0
40,CASH_OUT,110372.72,C278308409,111612.0,1239.28,C160959256,170112.02,280484.74,0,0
40,CASH_OUT,395939.16,C598808068,1239.28,0.0,C756845508,675281.38,1317419.33,0,0
40,CASH_OUT,353861.94,C306901937,152.0,0.0,C1505552368,64179.28,418041.21,0,0
40,PAYMENT,16022.02,C10628112,756187.0,740164.98,M622912851,0.0,0.0,0,0
40,CASH_OUT,347386.42,C235591365,32568.0,0.0,C1171948877,3057322.73,3404709.15,0,0
40,PAYMENT,7043.83,C1259895758,0.0,0.0,M1523256337,0.0,0.0,0,0
40,CASH_OUT,335771.81,C2028167270,30548.0,0.0,C969583425,0.0,335771.81,0,0
40,PAYMENT,34439.3,C537345345,29889.0,0.0,M684319876,0.0,0.0,0,0
40,PAYMENT,16031.22,C719379976,48338.0,32306.78,M1239640930,0.0,0.0,0,0
40,PAYMENT,15065.77,C1352116778,496.0,0.0,M933071224,0.0,0.0,0,0
40,TRANSFER,467071.68,C463540509,0.0,0.0,C1566246889,3529378.8,3996450.48,0,0
40,TRANSFER,84679.62,C1238090096,0.0,0.0,C392984237,787678.67,872358.29,0,0
40,TRANSFER,1141502.49,C618722457,0.0,0.0,C1611427359,3231541.42,4373043.9,0,0
40,TRANSFER,242482.03,C2137882420,0.0,0.0,C892180455,1579192.17,1821674.2,0,0
40,TRANSFER,101271.34,C1826074685,0.0,0.0,C1965415773,1250650.73,1351922.07,0,0
40,TRANSFER,460864.59,C2063613078,0.0,0.0,C1469272826,534243.55,995108.15,0,0
40,TRANSFER,29852.54,C1491553107,0.0,0.0,C669859559,206023.39,235875.92,0,0
40,TRANSFER,19879.91,C1290214308,0.0,0.0,C1506850411,67985.81,87865.71,0,0
40,TRANSFER,29961.24,C492837981,0.0,0.0,C567343223,127312.93,157274.17,0,0
40,TRANSFER,124749.33,C1744725995,0.0,0.0,C522173599,3353085.87,3534490.49,0,0
40,TRANSFER,257439.11,C94442900,0.0,0.0,C1355711194,907073.03,1164512.14,0,0
40,TRANSFER,138190.72,C1911493823,0.0,0.0,C54792561,1717095.9,1855286.63,0,0
40,TRANSFER,234786.85,C1827695659,0.0,0.0,C2038557824,1165233.83,1400020.68,0,0
40,CASH_OUT,144337.27,C2015727457,9621.0,0.0,C421163163,2185696.53,2330033.8,0,0
40,PAYMENT,11105.88,C1965369412,0.0,0.0,M2087096499,0.0,0.0,0,0
40,CASH_OUT,72441.82,C328739360,21213.0,0.0,C1616532095,2412471.55,2484913.38,0,0
40,CASH_OUT,298186.16,C1192419765,47187.0,0.0,C1266145410,93178.53,391364.69,0,0
40,PAYMENT,33580.67,C464094747,411.0,0.0,M1401061077,0.0,0.0,0,0
40,CASH_OUT,32541.27,C18454447,51342.0,18800.73,C1494023033,276563.81,309105.08,0,0
40,PAYMENT,1356.16,C1373028720,10891.0,9534.84,M110631951,0.0,0.0,0,0
40,PAYMENT,620.22,C1185726175,15303.0,14682.78,M197524810,0.0,0.0,0,0
40,PAYMENT,17141.88,C1820291075,14682.78,0.0,M717320679,0.0,0.0,0,0
40,CASH_OUT,100917.79,C163080230,124266.0,23348.21,C614533232,1205153.57,1306071.36,0,0
40,CASH_OUT,64962.97,C758377462,23348.21,0.0,C1707495353,763011.44,827974.41,0,0
40,PAYMENT,1854.7,C987457851,9696.0,7841.3,M464812494,0.0,0.0,0,0
40,CASH_OUT,46954.75,C1367854022,30847.0,0.0,C406239508,1589884.9,1636839.65,0,0
40,PAYMENT,39753.84,C1675228763,13125.0,0.0,M36362666,0.0,0.0,0,0
40,TRANSFER,6188772.44,C979937832,6188772.44,0.0,C1787596520,0.0,0.0,1,0
40,CASH_OUT,6188772.44,C1440649048,6188772.44,0.0,C1477641326,6056796.74,12442836.61,1,0
40,PAYMENT,25956.75,C2031730838,5841.0,0.0,M766161302,0.0,0.0,0,0
40,CASH_OUT,153198.59,C1391228897,5033.0,0.0,C2070165313,0.0,153198.59,0,0
40,CASH_IN,193436.26,C1944684203,5760.0,199196.26,C303069997,0.0,0.0,0,0
40,PAYMENT,5633.88,C1153688880,2638.0,0.0,M1008585279,0.0,0.0,0,0
40,CASH_IN,368326.85,C234877218,215361.0,583687.85,C626049578,387480.66,19153.81,0,0
40,CASH_IN,160996.6,C840757992,18398.0,179394.6,C1670008305,914442.89,753446.29,0,0
40,PAYMENT,16998.26,C1772977150,179394.6,162396.34,M1001588934,0.0,0.0,0,0
40,CASH_OUT,97080.92,C1228380275,16708.0,0.0,C1102995953,750493.49,847574.4,0,0
40,PAYMENT,9193.15,C476690447,334.0,0.0,M504972023,0.0,0.0,0,0
40,CASH_OUT,120110.06,C1028623562,23234.0,0.0,C350006115,4894273.18,4981324.83,0,0
40,CASH_OUT,561973.38,C1221488400,0.0,0.0,C651099724,1332704.48,1894677.86,0,0
40,CASH_OUT,259062.23,C422977478,0.0,0.0,C795962390,2665857.69,2924919.92,0,0
40,CASH_OUT,115728.46,C1307375853,0.0,0.0,C2018969380,155872.17,271600.63,0,0
40,CASH_OUT,290287.05,C201589830,0.0,0.0,C591083375,616801.21,907088.26,0,0
40,CASH_OUT,12533.89,C923356217,0.0,0.0,C553528587,66719.05,318006.07,0,0
40,CASH_OUT,116358.03,C518565169,0.0,0.0,C685032239,11110334.87,11226692.9,0,0
40,CASH_OUT,308907.42,C887690641,0.0,0.0,C10522193,1845154.11,2154061.53,0,0
40,CASH_OUT,171204.65,C409141630,0.0,0.0,C1049893232,395157.11,566361.75,0,0
40,CASH_OUT,62942.87,C1702297295,0.0,0.0,C1199069584,1385172.21,1448115.08,0,0
40,CASH_OUT,136856.76,C1051477621,0.0,0.0,C1589410985,852002.43,988859.2,0,0
40,CASH_OUT,221550.2,C1117096364,0.0,0.0,C1455709475,506208.98,727759.18,0,0
40,CASH_OUT,36381.34,C1115490417,0.0,0.0,C1953672475,862154.84,898536.17,0,0
40,CASH_OUT,106508.47,C279905911,0.0,0.0,C919683307,401790.16,508298.63,0,0
40,CASH_OUT,171211.95,C1290565113,0.0,0.0,C845738361,2166655.63,2337867.58,0,0
40,CASH_OUT,453220.91,C576347425,0.0,0.0,C1687582668,481375.4,934596.31,0,0
40,CASH_OUT,503163.75,C147781531,0.0,0.0,C2109442721,582344.97,1085508.71,0,0
40,CASH_OUT,162231.55,C1614468171,0.0,0.0,C293129102,181697.92,244674.28,0,0
40,CASH_OUT,124742.53,C1339434504,0.0,0.0,C1705721184,536838.63,661581.16,0,0
40,CASH_OUT,55277.37,C1058396550,0.0,0.0,C715143007,486979.21,542256.58,0,0
40,CASH_OUT,30006.43,C1075352528,0.0,0.0,C354924404,74508.78,104515.21,0,0
40,CASH_OUT,374410.08,C1983291156,0.0,0.0,C1529566912,3222277.75,3596687.82,0,0
40,CASH_OUT,131234.69,C145625532,0.0,0.0,C348600771,479798.63,551859.85,0,0
40,CASH_OUT,151886.51,C426123462,0.0,0.0,C1898288372,546240.54,813884.55,0,0
40,CASH_OUT,143531.11,C501528105,0.0,0.0,C830832722,796011.95,939543.06,0,0
40,CASH_OUT,137448.51,C1609057470,0.0,0.0,C479738899,237155.83,374604.33,0,0
40,CASH_OUT,47049.92,C666078478,0.0,0.0,C1499302573,2888244.81,2935294.73,0,0
40,CASH_OUT,60733.31,C268167470,0.0,0.0,C1284868392,63655.34,124388.65,0,0
40,CASH_OUT,296989.03,C932598534,0.0,0.0,C1812389427,354733.1,651722.13,0,0
40,CASH_OUT,55794.66,C717634814,0.0,0.0,C863229368,148311.72,204106.38,0,0
40,CASH_OUT,209307.47,C287711061,0.0,0.0,C775921648,1136201.51,1345508.97,0,0
40,CASH_OUT,287177.74,C1103378118,0.0,0.0,C608430364,2763366.32,3050544.06,0,0
40,CASH_OUT,84548.78,C1154438043,0.0,0.0,C479466911,264921.63,380355.14,0,0
40,CASH_OUT,93061.68,C1609938480,0.0,0.0,C104471317,2957878.17,3050939.85,0,0
40,CASH_OUT,64705.4,C2114508332,0.0,0.0,C567441148,763651.94,828357.33,0,0
40,CASH_OUT,194283.32,C505064749,0.0,0.0,C983855415,2595071.8,2789355.12,0,0
40,CASH_OUT,566719.8,C544700158,0.0,0.0,C193838932,653086.51,1807402.83,0,0
40,CASH_OUT,291323.84,C1388380406,0.0,0.0,C1253718018,1673625.22,1964949.05,0,0
40,CASH_OUT,207385.25,C1782584628,0.0,0.0,C2057824850,418878.63,626263.88,0,0
40,CASH_OUT,176424.78,C569949844,0.0,0.0,C1066382547,824586.43,1001011.22,0,0
40,CASH_OUT,24976.51,C983825619,0.0,0.0,C661036017,324729.95,349706.46,0,0
40,CASH_OUT,527910.08,C1623170497,0.0,0.0,C270610167,2239188.08,2767098.16,0,0
40,CASH_OUT,424387.27,C180145495,0.0,0.0,C157435574,1285829.03,1710216.3,0,0
40,CASH_OUT,36849.54,C1851051658,0.0,0.0,C1584142236,1487105.4,1523954.94,0,0
40,CASH_OUT,111701.78,C1270145783,0.0,0.0,C1945024582,200225.86,311927.64,0,0
40,CASH_OUT,123521.71,C1467563989,0.0,0.0,C192773949,379089.02,502610.73,0,0
40,CASH_OUT,266339.61,C1002673688,0.0,0.0,C938750586,821546.12,1087885.73,0,0
40,CASH_OUT,135554.57,C1932210036,0.0,0.0,C568778121,364378.13,499932.7,0,0
40,CASH_OUT,232745.95,C535087292,0.0,0.0,C627881535,243564.0,476309.95,0,0
40,CASH_OUT,5612.59,C33409794,0.0,0.0,C166977072,68713.87,74326.45,0,0
40,CASH_OUT,192209.12,C648670835,0.0,0.0,C970866779,372858.19,565067.31,0,0
40,CASH_OUT,170057.4,C206779741,0.0,0.0,C1736009915,765683.81,935741.21,0,0
40,CASH_OUT,63304.44,C894152003,0.0,0.0,C1438363204,431769.55,495073.99,0,0
40,CASH_OUT,21000.01,C1510069555,0.0,0.0,C66940898,1298045.95,1380345.05,0,0
40,CASH_OUT,22676.61,C867328630,0.0,0.0,C1517601275,290567.53,32576.0,0,0
40,CASH_OUT,244242.1,C643715200,0.0,0.0,C1218668948,1320453.23,1686659.05,0,0
40,CASH_OUT,21342.75,C1310183613,0.0,0.0,C200535912,348760.07,370102.82,0,0
40,CASH_OUT,66086.3,C443231233,0.0,0.0,C2090746243,1066657.17,1132743.46,0,0
40,CASH_OUT,477474.59,C988437736,10558.0,0.0,C1940014488,382372.77,859847.36,0,0
40,PAYMENT,26603.47,C1852100965,19860.0,0.0,M512128556,0.0,0.0,0,0
40,CASH_OUT,207474.83,C1573804761,53804.0,0.0,C1992784626,2835388.52,3042863.36,0,0
40,PAYMENT,28766.87,C900415636,422900.0,394133.13,M2097959101,0.0,0.0,0,0
40,CASH_IN,130381.16,C1343651366,57087.0,187468.16,C882111465,101031.31,0.0,0,0
40,CASH_OUT,301652.01,C2132934255,116737.0,0.0,C2038993906,1443648.57,1745300.59,0,0
40,PAYMENT,1473.01,C283229951,0.0,0.0,M259493350,0.0,0.0,0,0
40,CASH_OUT,341015.12,C1819485536,50974.0,0.0,C1630794643,95309.9,652976.69,0,0
40,CASH_IN,322710.23,C483486727,12072.0,334782.23,C172314549,2826390.07,2503679.84,0,0
40,CASH_IN,6298.78,C31076132,1278.0,7576.78,C1970940309,2051586.96,2045288.18,0,0
40,CASH_OUT,72262.39,C846305860,30889.0,0.0,C52320709,868820.49,941082.88,0,0
40,CASH_OUT,129413.08,C1197269327,769081.0,639667.92,C862273815,0.0,129413.08,0,0
40,CASH_OUT,241027.31,C1358564599,50707.0,0.0,C1981613973,460732.5,701759.81,0,0
40,CASH_OUT,62020.15,C633539,21031.0,0.0,C1269594796,0.0,62020.15,0,0
40,CASH_OUT,45696.63,C1041543996,35914.0,0.0,C2092990864,855255.49,1134092.63,0,0
40,CASH_OUT,193118.74,C518155048,0.0,0.0,C173347970,5636225.78,5829344.52,0,0
40,CASH_OUT,26918.47,C520044983,126654.0,99735.53,C1513729322,25511.0,52429.47,0,0
40,CASH_OUT,287771.38,C1408089881,99735.53,0.0,C25269973,515942.42,609228.98,0,0
40,PAYMENT,19604.58,C1216051979,42083.0,22478.42,M1171124743,0.0,0.0,0,0
40,CASH_OUT,428649.1,C559669744,32071.0,0.0,C1613381380,349914.94,778564.03,0,0
40,CASH_OUT,172396.62,C535861173,12662.0,0.0,C386670313,364575.94,536972.57,0,0
40,CASH_OUT,298112.1,C205526115,62820.0,0.0,C1000641305,733177.81,1380266.64,0,0
40,PAYMENT,6910.23,C649560614,1451.0,0.0,M1486725985,0.0,0.0,0,0
40,CASH_OUT,57317.55,C1129040632,79778.0,22460.45,C1191506996,112292.5,169610.05,0,0
40,DEBIT,1420.71,C1336159742,5949.0,4528.29,C118191901,2171056.24,2172476.95,0,0
40,CASH_IN,26848.82,C1427648670,64572.0,91420.82,C522543927,101652.47,74803.66,0,0
40,CASH_OUT,13059.39,C1621825527,68.0,0.0,C468758361,116970.9,130030.29,0,0
40,CASH_OUT,210054.27,C2108296464,50187.0,0.0,C1106752344,298350.21,508404.49,0,0
40,CASH_IN,211767.2,C319755398,7051.0,218818.2,C1871995723,284476.1,72708.9,0,0
40,CASH_IN,64659.32,C117918393,1546.0,66205.32,C525141182,3040032.35,2975373.02,0,0
40,TRANSFER,488318.0,C1059840257,11524.0,0.0,C1258274990,0.0,488318.0,0,0
40,PAYMENT,9369.89,C314882425,83122.0,73752.11,M2030314627,0.0,0.0,0,0
40,PAYMENT,3124.14,C1156311960,30878.0,27753.86,M606611949,0.0,0.0,0,0
40,CASH_OUT,344106.04,C328221536,18862.0,0.0,C1182955221,0.0,344106.04,0,0
40,PAYMENT,22757.55,C1265130925,42152.0,19394.45,M1355077747,0.0,0.0,0,0
40,CASH_OUT,151403.42,C893838535,17572.0,0.0,C1852128923,0.0,49865.64,0,0
40,PAYMENT,30434.95,C610019916,20004.0,0.0,M760254047,0.0,0.0,0,0
40,CASH_OUT,85370.14,C1537330374,64505.0,0.0,C633039332,0.0,85370.14,0,0
40,CASH_OUT,525823.85,C1505979305,1080.0,0.0,C1720725342,0.0,525823.85,0,0
40,CASH_IN,135790.37,C478688407,418242.0,554032.37,C79383764,605888.45,470098.09,0,0
40,CASH_OUT,222472.09,C889418543,20665.0,0.0,C1937327557,536192.54,758664.63,0,0
40,PAYMENT,2483.2,C1611746997,41739.0,39255.8,M575532861,0.0,0.0,0,0
40,CASH_OUT,315533.74,C2143046511,5360.22,0.0,C1478474883,1900427.87,2215961.61,0,0
40,PAYMENT,7492.93,C1359529404,0.0,0.0,M990272974,0.0,0.0,0,0
40,PAYMENT,68303.47,C1988065684,240.0,0.0,M1803924231,0.0,0.0,0,0
40,PAYMENT,7859.72,C2084024046,0.0,0.0,M1968596107,0.0,0.0,0,0
40,CASH_OUT,488022.5,C2028474476,10479.0,0.0,C178273087,30511.31,518533.81,0,0
40,CASH_IN,270898.2,C1043569149,31314.0,302212.2,C1882346066,10641.42,0.0,0,0
40,PAYMENT,10716.17,C2142371851,302212.2,291496.03,M965103946,0.0,0.0,0,0
40,CASH_OUT,339646.9,C22371686,39683.0,0.0,C1093442785,0.0,339646.9,0,0
40,CASH_OUT,304682.78,C587976896,153.0,0.0,C609453540,12394126.48,12698809.27,0,0
40,PAYMENT,11952.57,C1289105138,0.0,0.0,M1196505635,0.0,0.0,0,0
40,PAYMENT,4145.25,C1816453570,0.0,0.0,M288661850,0.0,0.0,0,0
40,PAYMENT,14895.26,C1827191856,0.0,0.0,M581309356,0.0,0.0,0,0
40,PAYMENT,5716.04,C1764211915,0.0,0.0,M1571684036,0.0,0.0,0,0
40,PAYMENT,10084.3,C1955451005,0.0,0.0,M1713669683,0.0,0.0,0,0
40,PAYMENT,7302.48,C850505688,0.0,0.0,M5778580,0.0,0.0,0,0
40,PAYMENT,5851.25,C449579738,0.0,0.0,M1486553774,0.0,0.0,0,0
40,PAYMENT,62.56,C1743497482,0.0,0.0,M647366127,0.0,0.0,0,0
40,PAYMENT,3187.22,C1551257917,0.0,0.0,M1551414895,0.0,0.0,0,0
40,CASH_OUT,198252.34,C1717692179,275.0,0.0,C371747826,140796.81,339049.16,0,0
40,CASH_OUT,172319.08,C1892564813,83929.0,0.0,C1360928441,1635268.47,1807587.55,0,0
40,PAYMENT,6439.2,C509568976,0.0,0.0,M118321594,0.0,0.0,0,0
40,CASH_OUT,450289.23,C1857902391,48601.0,0.0,C1895540167,582832.32,1033121.55,0,0
40,PAYMENT,30479.19,C1862806010,41710.0,11230.81,M168600108,0.0,0.0,0,0
40,CASH_IN,205017.44,C1725989494,21811.0,226828.44,C240454227,3266000.47,3060983.03,0,0
40,PAYMENT,17522.6,C1658873202,226828.44,209305.85,M1284101933,0.0,0.0,0,0
40,TRANSFER,799122.58,C603652434,31790.0,0.0,C1651099324,0.0,799122.58,0,0
40,CASH_OUT,84408.55,C1097516137,245050.0,160641.45,C957103265,7011.27,91419.82,0,0
40,CASH_OUT,130260.33,C549515971,79611.0,0.0,C825635598,14336.3,144596.63,0,0
40,PAYMENT,21647.53,C586316105,17946.0,0.0,M1509432788,0.0,0.0,0,0
40,CASH_OUT,391959.58,C1319551758,25.0,0.0,C1934230275,1011078.29,1403037.87,0,0
40,CASH_OUT,112234.33,C1775724275,104232.0,0.0,C1158758970,0.0,112234.33,0,0
40,TRANSFER,1366016.25,C1482584753,10453.0,0.0,C712040132,2910694.67,4147847.75,0,0
40,CASH_OUT,126433.34,C1095881427,271.0,0.0,C1800609502,1379215.58,1505648.92,0,0
40,CASH_OUT,61230.65,C957863748,509.0,0.0,C893193429,0.0,37426.0,0,0
40,CASH_IN,189222.49,C1806032491,29960.0,219182.49,C1180462176,0.0,0.0,0,0
40,TRANSFER,575005.73,C1086714452,819.0,0.0,C250521447,103836.15,433994.88,0,0
40,PAYMENT,15341.52,C265123797,0.0,0.0,M140983455,0.0,0.0,0,0
40,PAYMENT,492.44,C1307901310,0.0,0.0,M583856582,0.0,0.0,0,0
40,PAYMENT,5795.67,C1180391829,288.0,0.0,M2003371525,0.0,0.0,0,0
40,CASH_OUT,154149.52,C496769691,26814.0,0.0,C341210219,0.0,308949.57,0,0
40,CASH_OUT,95524.26,C1486588463,56367.0,0.0,C26097518,337710.55,351314.29,0,0
40,PAYMENT,18064.58,C1141962584,4328.0,0.0,M2071369969,0.0,0.0,0,0
40,CASH_OUT,165330.55,C105057734,12096.0,0.0,C2085397579,0.0,165330.55,0,0
40,CASH_IN,234507.48,C42804691,37018.17,271525.64,C2084230986,45976.03,309706.38,0,0
40,TRANSFER,873101.17,C1097115885,271525.64,0.0,C417734656,1411381.09,2284482.26,0,0
40,TRANSFER,1332414.98,C244977952,0.0,0.0,C1442458315,1455783.23,2788198.21,0,0
40,TRANSFER,141686.74,C271126536,0.0,0.0,C729780776,5706985.08,5911553.04,0,0
40,TRANSFER,757432.15,C2069957731,0.0,0.0,C150091086,3739028.62,4496460.77,0,0
40,TRANSFER,42223.49,C531034146,0.0,0.0,C620902860,914921.01,957144.5,0,0
40,TRANSFER,31293.15,C1105981927,0.0,0.0,C2115336688,2138630.25,2169923.4,0,0
40,TRANSFER,164550.07,C421134466,0.0,0.0,C1499383906,5746594.18,5911144.26,0,0
40,TRANSFER,151474.81,C1793791446,0.0,0.0,C638830660,916350.67,1067825.48,0,0
40,TRANSFER,184388.71,C1122291529,0.0,0.0,C934276417,341372.81,525761.52,0,0
40,TRANSFER,81593.27,C1553889851,0.0,0.0,C1623752110,681981.08,1015799.9,0,0
40,TRANSFER,621681.36,C357134138,0.0,0.0,C1789955192,1512780.26,2134461.62,0,0
40,TRANSFER,408393.03,C666799584,0.0,0.0,C1458509145,632980.55,1041373.58,0,0
40,TRANSFER,783170.05,C1136951513,0.0,0.0,C538246534,4489832.18,5273002.22,0,0
40,TRANSFER,1167819.27,C1822713144,0.0,0.0,C1263357032,1702863.42,2870682.7,0,0
40,TRANSFER,889507.68,C852158249,0.0,0.0,C1786752513,1859244.32,2748752.0,0,0
40,TRANSFER,134909.61,C1632156957,0.0,0.0,C1842022543,472842.97,607752.58,0,0
40,TRANSFER,668308.32,C116210597,0.0,0.0,C1671306796,844405.73,1518156.67,0,0
40,TRANSFER,1270469.99,C1227822053,0.0,0.0,C1130411959,2097159.9,3367629.89,0,0
40,TRANSFER,1218550.05,C750339654,0.0,0.0,C1533703399,12124030.57,13342580.62,0,0
40,TRANSFER,524517.7,C138262169,0.0,0.0,C519740805,571637.61,1096155.31,0,0
40,TRANSFER,969710.67,C1734513704,0.0,0.0,C1151964959,5636937.69,6606648.35,0,0
40,CASH_OUT,301489.87,C1457722138,105792.0,0.0,C1749354604,174944.28,476434.15,0,0
40,PAYMENT,9466.35,C814671094,0.0,0.0,M1440875776,0.0,0.0,0,0
40,CASH_IN,144596.46,C642914368,12518.0,157114.46,C1038553512,1759146.46,1614550.0,0,0
40,CASH_OUT,300324.41,C1751622739,157114.46,0.0,C408625141,838459.58,1138783.99,0,0
40,CASH_OUT,213968.98,C789140733,38002.0,0.0,C2070626006,2950732.64,3164701.62,0,0
40,PAYMENT,476.75,C1787203097,0.0,0.0,M1553996561,0.0,0.0,0,0
40,PAYMENT,29197.78,C162556394,36757.0,7559.22,M1828420253,0.0,0.0,0,0
40,PAYMENT,6467.28,C852744029,7559.22,1091.94,M1861696133,0.0,0.0,0,0
40,PAYMENT,8625.42,C1686303112,1091.94,0.0,M1402621975,0.0,0.0,0,0
40,PAYMENT,19373.38,C2136939526,0.0,0.0,M682304122,0.0,0.0,0,0
40,PAYMENT,10317.64,C1532397654,0.0,0.0,M1515024835,0.0,0.0,0,0
40,PAYMENT,6443.48,C1568008608,0.0,0.0,M742176902,0.0,0.0,0,0
40,PAYMENT,1340.41,C1137152367,0.0,0.0,M1916085181,0.0,0.0,0,0
40,PAYMENT,15528.14,C8383666,0.0,0.0,M1229884595,0.0,0.0,0,0
40,PAYMENT,6505.6,C922558492,0.0,0.0,M1838077365,0.0,0.0,0,0
40,PAYMENT,7372.3,C317435594,0.0,0.0,M805143344,0.0,0.0,0,0
40,PAYMENT,14833.05,C1885317907,0.0,0.0,M1810361296,0.0,0.0,0,0
40,PAYMENT,3705.32,C615875992,0.0,0.0,M1729263165,0.0,0.0,0,0
40,PAYMENT,4492.22,C1779982079,0.0,0.0,M1056280839,0.0,0.0,0,0
40,PAYMENT,513.22,C912546308,0.0,0.0,M1119056235,0.0,0.0,0,0
40,PAYMENT,7753.74,C1785995364,0.0,0.0,M2015095172,0.0,0.0,0,0
40,PAYMENT,17257.21,C1815820537,0.0,0.0,M895099964,0.0,0.0,0,0
40,PAYMENT,6937.23,C2120635891,0.0,0.0,M1494664306,0.0,0.0,0,0
40,PAYMENT,2833.87,C1818215257,0.0,0.0,M146825514,0.0,0.0,0,0
40,PAYMENT,5425.55,C1145398284,0.0,0.0,M731844002,0.0,0.0,0,0
40,PAYMENT,17258.58,C969430659,0.0,0.0,M839563681,0.0,0.0,0,0
40,CASH_OUT,207377.64,C1560334056,112198.0,0.0,C1399882285,457707.67,665085.31,0,0
40,TRANSFER,1294685.74,C245447415,380.0,0.0,C256182096,29626.99,1324312.73,0,0
40,PAYMENT,1188.97,C1965431278,0.0,0.0,M302408026,0.0,0.0,0,0
40,CASH_IN,416825.17,C1235913340,99093.0,515918.17,C1914690137,140917.88,0.0,0,0
40,CASH_OUT,88711.78,C1314617148,169612.0,80900.22,C1989197708,630016.45,718728.23,0,0
40,PAYMENT,12109.57,C200797808,80900.22,68790.65,M710558437,0.0,0.0,0,0
40,CASH_IN,310840.59,C935253176,21835.0,332675.59,C1195550585,414133.83,103293.24,0,0
40,TRANSFER,1211168.01,C575252452,28.0,0.0,C1933191609,381252.78,1592420.79,0,0
40,CASH_OUT,160881.96,C385436083,48972.0,0.0,C1614242607,1151691.91,1312573.87,0,0
40,PAYMENT,1553.75,C1850502371,101611.0,100057.25,M798391942,0.0,0.0,0,0
40,PAYMENT,6416.93,C1083148823,51744.0,45327.07,M484960100,0.0,0.0,0,0
40,TRANSFER,567980.18,C289516399,45327.07,0.0,C551482269,7022615.39,7590595.56,0,0
40,CASH_IN,162790.57,C230655375,15584.0,178374.57,C1101504046,5303445.1,5140654.53,0,0
40,PAYMENT,9177.2,C828143901,178374.57,169197.37,M304313493,0.0,0.0,0,0
40,PAYMENT,9716.05,C237354861,169197.37,159481.32,M2143801563,0.0,0.0,0,0
40,TRANSFER,375457.79,C755096239,139.0,0.0,C1848277787,663337.12,1038794.91,0,0
40,TRANSFER,715367.9,C613385286,18642.0,0.0,C1681823194,2462658.69,3178026.59,0,0
40,CASH_OUT,60801.23,C124946797,75205.0,14403.77,C1286736411,0.0,60801.23,0,0
40,CASH_OUT,152672.23,C1181925456,14403.77,0.0,C2118769481,1523947.84,1676620.07,0,0
40,CASH_OUT,56158.49,C1703263891,0.0,0.0,C62082768,1146932.02,1203090.51,0,0
40,PAYMENT,6823.04,C1030794193,920.0,0.0,M786068723,0.0,0.0,0,0
40,TRANSFER,2069467.83,C2121945400,0.0,0.0,C84855991,3600167.6,5669635.43,0,0
40,PAYMENT,22244.97,C910362946,26695.0,4450.03,M248840824,0.0,0.0,0,0
40,CASH_OUT,320022.52,C1943372477,4450.03,0.0,C415026640,328721.84,648744.36,0,0
40,CASH_IN,312323.85,C1602944622,103159.0,415482.85,C1589757712,67384.98,0.0,0,0
40,CASH_OUT,180786.23,C1907221956,16268.0,0.0,C2024005893,636723.55,817509.78,0,0
40,CASH_OUT,272271.23,C1464725323,10835.0,0.0,C629600976,2378110.96,2526661.72,0,0
40,CASH_OUT,212143.43,C148000629,6694.0,0.0,C2038208617,2148711.87,2360855.31,0,0
40,PAYMENT,55.01,C10729871,24215.0,24159.99,M507445146,0.0,0.0,0,0
40,CASH_OUT,6317.42,C640777377,43651.0,37333.58,C69229421,325918.38,332235.8,0,0
40,CASH_OUT,75962.09,C1006778101,1538.0,0.0,C1332698304,0.0,75962.09,0,0
40,CASH_IN,236969.87,C561024827,104582.0,341551.87,C342773146,1243315.12,1006345.25,0,0
40,PAYMENT,7871.11,C1213953696,341551.87,333680.76,M1696784254,0.0,0.0,0,0
40,PAYMENT,17.07,C1211820209,333680.76,333663.69,M1830207450,0.0,0.0,0,0
40,CASH_OUT,511519.59,C2120952494,320108.41,0.0,C840197371,179390.12,690909.71,0,0
40,PAYMENT,780.76,C222413618,0.0,0.0,M312597835,0.0,0.0,0,0
40,CASH_IN,19722.29,C1251035306,31044.0,50766.29,C593565217,0.0,0.0,0,0
40,PAYMENT,22286.59,C1829250316,50766.29,28479.7,M1850946508,0.0,0.0,0,0
40,CASH_OUT,191956.14,C1921310920,47978.0,0.0,C1268628271,0.0,191956.14,0,0
40,TRANSFER,23601.43,C848306730,1309.0,0.0,C1663483516,695011.51,718612.95,0,0
40,PAYMENT,22629.41,C505172273,0.0,0.0,M1772538989,0.0,0.0,0,0
40,PAYMENT,8188.88,C1014096689,45430.0,37241.12,M264443879,0.0,0.0,0,0
40,TRANSFER,773044.13,C1940544247,37241.12,0.0,C163690786,904340.77,1677384.91,0,0
40,PAYMENT,15532.32,C741352779,73723.0,58190.68,M535507863,0.0,0.0,0,0
40,PAYMENT,26841.73,C142631842,10762.0,0.0,M693960103,0.0,0.0,0,0
40,PAYMENT,4013.74,C74158010,19604.0,15590.26,M1113219883,0.0,0.0,0,0
40,CASH_OUT,247769.86,C1238144433,66379.0,0.0,C1132456973,307252.55,555022.41,0,0
40,CASH_OUT,496899.89,C120846570,52544.0,0.0,C1723689964,480244.56,977144.45,0,0
40,CASH_IN,222756.92,C1610457577,14806.0,237562.92,C306055439,409188.66,186431.74,0,0
40,PAYMENT,14991.87,C1320145414,72115.0,57123.13,M1667475327,0.0,0.0,0,0
40,TRANSFER,1314384.24,C2073028433,72832.0,0.0,C2024088449,6420073.09,7734457.33,0,0
40,PAYMENT,3256.53,C1238360864,0.0,0.0,M2042640381,0.0,0.0,0,0
40,CASH_IN,286288.63,C124141541,11396.0,297684.63,C2094723295,1924423.51,1482788.52,0,0
40,CASH_OUT,358020.88,C56096055,673.0,0.0,C1520396489,1819768.43,2177789.31,0,0
40,PAYMENT,16863.92,C901234846,0.0,0.0,M1303406090,0.0,0.0,0,0
40,PAYMENT,1138.53,C2074075470,0.0,0.0,M1205685575,0.0,0.0,0,0
40,PAYMENT,3660.13,C1290126866,0.0,0.0,M44788146,0.0,0.0,0,0
40,PAYMENT,12237.05,C104492344,0.0,0.0,M723562445,0.0,0.0,0,0
40,PAYMENT,18053.07,C1226258925,0.0,0.0,M279457668,0.0,0.0,0,0
40,PAYMENT,14526.35,C1160696580,0.0,0.0,M1809732267,0.0,0.0,0,0
40,PAYMENT,2897.45,C469161580,0.0,0.0,M1249058457,0.0,0.0,0,0
40,PAYMENT,5635.51,C2037793312,0.0,0.0,M1621363887,0.0,0.0,0,0
40,PAYMENT,1489.48,C1305273185,0.0,0.0,M521776023,0.0,0.0,0,0
40,PAYMENT,11714.04,C1421188374,0.0,0.0,M347349595,0.0,0.0,0,0
40,PAYMENT,3164.56,C1053363271,0.0,0.0,M1826512154,0.0,0.0,0,0
40,PAYMENT,6543.53,C343613626,0.0,0.0,M568880788,0.0,0.0,0,0
40,PAYMENT,5289.39,C1463150042,0.0,0.0,M1235043499,0.0,0.0,0,0
40,PAYMENT,11271.56,C78562258,0.0,0.0,M1724944669,0.0,0.0,0,0
40,PAYMENT,29711.04,C515089192,0.0,0.0,M1034425417,0.0,0.0,0,0
40,PAYMENT,7172.65,C1332408445,0.0,0.0,M760273140,0.0,0.0,0,0
40,PAYMENT,851.97,C788108437,0.0,0.0,M1401866079,0.0,0.0,0,0
40,PAYMENT,19814.16,C1266629707,0.0,0.0,M1615059624,0.0,0.0,0,0
40,PAYMENT,48982.72,C50112265,0.0,0.0,M661466166,0.0,0.0,0,0
40,PAYMENT,7436.14,C356700660,343.0,0.0,M1797967726,0.0,0.0,0,0
40,CASH_OUT,119910.69,C201976301,10227.0,0.0,C387544290,1740920.01,1860830.7,0,0
40,TRANSFER,961676.7,C1112238278,536323.0,0.0,C366702956,2282087.77,3243764.47,0,0
40,CASH_IN,312054.08,C1090898954,6235.0,318289.08,C733481207,240843.58,0.0,0,0
40,CASH_OUT,117335.94,C2087267067,444.0,0.0,C430910792,0.0,234305.18,0,0
40,TRANSFER,234696.4,C1072488986,32131.0,0.0,C444390489,1316801.51,1551497.9,0,0
40,TRANSFER,449592.05,C645439609,60220.0,0.0,C1164729910,0.0,449592.05,0,0
40,CASH_IN,198708.72,C1232231712,110042.0,308750.72,C1420798269,0.0,0.0,0,0
40,CASH_IN,63322.6,C2088343559,663.0,63985.6,C744811394,0.0,0.0,0,0
40,PAYMENT,2037.88,C610097568,63985.6,61947.72,M1204117050,0.0,0.0,0,0
40,CASH_IN,247295.14,C478515391,10147.0,257442.14,C1167158497,484763.73,237468.59,0,0
40,CASH_OUT,37924.25,C747412104,11436.0,0.0,C1769893335,712457.5,1153229.09,0,0
40,CASH_IN,131705.15,C1649563360,113254.0,244959.15,C2034810646,2410.96,0.0,0,0
40,CASH_IN,347564.16,C252436510,9815.0,357379.16,C1457216067,259791.85,0.0,0,0
40,TRANSFER,384675.74,C1069254952,252656.0,0.0,C1611607798,4714126.68,5098802.43,0,0
40,PAYMENT,18134.65,C2007702669,798.0,0.0,M129937870,0.0,0.0,0,0
40,CASH_OUT,347970.33,C1474669111,0.0,0.0,C250764236,1492522.54,2015172.31,0,0
40,CASH_OUT,570606.37,C880057130,0.0,0.0,C865080914,582583.1,1153189.47,0,0
40,CASH_OUT,144191.9,C462726749,0.0,0.0,C2064870795,271139.58,415331.49,0,0
40,CASH_OUT,37756.74,C1767261216,0.0,0.0,C1362931816,714461.49,752218.23,0,0
40,CASH_OUT,133768.08,C328789807,0.0,0.0,C1574858120,148994.02,282762.1,0,0
40,CASH_OUT,175366.07,C61180861,0.0,0.0,C568104019,207641.59,383007.66,0,0
40,CASH_OUT,229603.52,C1027437530,0.0,0.0,C1893673595,4205904.32,4435507.84,0,0
40,CASH_OUT,119777.26,C1720801049,0.0,0.0,C1047207956,230918.74,350696.0,0,0
40,CASH_OUT,42613.29,C849620339,0.0,0.0,C145179859,123266.0,144452.74,0,0
40,CASH_OUT,312311.28,C502505721,0.0,0.0,C312094396,1698671.53,2010982.81,0,0
40,CASH_OUT,60615.79,C1258726206,0.0,0.0,C2094266319,296328.08,356943.88,0,0
40,CASH_OUT,132967.09,C667098328,0.0,0.0,C1420768546,2274679.77,2407646.87,0,0
40,CASH_OUT,97189.33,C882864870,0.0,0.0,C2103703197,142871.8,129302.01,0,0
40,CASH_OUT,180394.34,C887875812,0.0,0.0,C1919648596,380893.75,561288.09,0,0
40,CASH_OUT,146128.28,C1250603540,0.0,0.0,C174230562,628199.62,774327.9,0,0
40,CASH_OUT,226253.5,C1964003905,0.0,0.0,C479892488,3018058.69,3244312.19,0,0
40,CASH_OUT,248578.01,C987174471,0.0,0.0,C882094581,600124.97,848702.98,0,0
40,CASH_OUT,108693.83,C1368417585,0.0,0.0,C726678843,3466609.34,3575303.17,0,0
40,CASH_OUT,124453.7,C1310025477,0.0,0.0,C578044965,1208205.61,1332659.31,0,0
40,CASH_OUT,286486.88,C962635484,0.0,0.0,C887333294,2853805.59,3266795.29,0,0
40,CASH_OUT,245607.14,C990374553,0.0,0.0,C1300711371,255326.02,500933.16,0,0
40,CASH_OUT,90108.59,C1768732965,0.0,0.0,C729655493,152483.83,414697.0,0,0
40,CASH_OUT,140962.41,C203736642,0.0,0.0,C436936055,1204946.49,913212.24,0,0
40,CASH_OUT,164663.19,C810469212,0.0,0.0,C329491408,973186.21,0.0,0,0
40,CASH_IN,583136.56,C874094830,9014.0,592150.56,C202944187,211033.71,0.0,0,0
40,CASH_OUT,200332.82,C942703321,592150.56,391817.74,C2097592300,314726.1,515058.92,0,0
40,CASH_OUT,29076.95,C311182667,391817.74,362740.79,C39787031,372325.47,401402.42,0,0
40,CASH_OUT,206024.86,C1413350497,362740.79,156715.93,C1123391038,3160556.53,3366581.39,0,0
40,CASH_OUT,122682.88,C760856792,156715.93,34033.04,C1845426794,467072.51,589755.39,0,0
40,CASH_OUT,73007.53,C298035680,34033.04,0.0,C656370020,333663.69,406671.22,0,0
40,CASH_OUT,165989.13,C1637154958,0.0,0.0,C1745116678,233986.25,433512.66,0,0
40,CASH_OUT,1600.06,C1160519121,0.0,0.0,C1646118461,9037.81,10637.87,0,0
40,CASH_OUT,22014.7,C646994604,0.0,0.0,C459963316,1119322.92,1475244.32,0,0
40,CASH_OUT,43368.11,C714111799,0.0,0.0,C1300423782,269664.56,313032.67,0,0
40,CASH_OUT,192821.81,C1674088347,0.0,0.0,C1365487373,267910.64,460732.45,0,0
40,CASH_OUT,89732.1,C1185928358,0.0,0.0,C698890859,1869955.9,1926055.27,0,0
40,CASH_OUT,305315.83,C1649325029,0.0,0.0,C1450150251,7896543.52,8201859.35,0,0
40,CASH_OUT,115318.54,C1261319512,0.0,0.0,C2064206586,373203.72,488522.26,0,0
40,PAYMENT,3459.25,C1824382961,131759.0,128299.75,M1410284580,0.0,0.0,0,0
40,PAYMENT,909.76,C1137274075,128299.75,127389.99,M2037843215,0.0,0.0,0,0
40,CASH_OUT,68075.78,C2075594631,30821.0,0.0,C19385186,180200.0,248275.78,0,0
40,CASH_IN,106973.82,C1458893513,209926.0,316899.82,C789133393,0.0,0.0,0,0
40,TRANSFER,905690.55,C1590948728,79521.0,0.0,C1771620140,0.0,905690.55,0,0
40,CASH_IN,190775.15,C533584592,19986.0,210761.15,C1554565380,11172770.6,10981995.45,0,0
40,CASH_OUT,89131.73,C1556424089,421.0,0.0,C1983594715,0.0,89131.73,0,0
40,CASH_IN,31839.39,C769058418,49628.0,81467.39,C171510781,49726.73,17887.35,0,0
40,TRANSFER,808917.39,C1818200195,311019.0,0.0,C366360355,370628.22,1179545.6,0,0
40,PAYMENT,1654.21,C490062978,5096.0,3441.79,M1747567440,0.0,0.0,0,0
40,CASH_IN,31413.39,C1926647121,172569.0,203982.39,C1067313533,17672.12,0.0,0,0
40,CASH_OUT,29914.04,C1650317336,2011.0,0.0,C1256066133,0.0,29914.04,0,0
40,CASH_OUT,348963.25,C1375670533,176.0,0.0,C1205880793,565929.73,914892.98,0,0
40,PAYMENT,18584.71,C2003467049,0.0,0.0,M932580432,0.0,0.0,0,0
40,PAYMENT,5998.41,C998739874,0.0,0.0,M316266222,0.0,0.0,0,0
40,PAYMENT,6400.14,C911099055,52886.0,46485.86,M826092218,0.0,0.0,0,0
40,CASH_IN,38171.91,C910182816,16523.0,54694.91,C1734809013,0.0,0.0,0,0
40,PAYMENT,1141.11,C1785894688,65154.0,64012.89,M786292221,0.0,0.0,0,0
40,PAYMENT,1759.12,C1986873958,504999.0,503239.88,M1121194050,0.0,0.0,0,0
40,CASH_OUT,603135.15,C1013007535,21375.0,0.0,C1349898263,11989.55,615124.7,0,0
40,CASH_OUT,84829.39,C2090026219,30408.0,0.0,C813071373,0.0,84829.39,0,0
40,CASH_IN,198009.86,C1613832037,246160.0,444169.86,C1382071977,0.0,0.0,0,0
40,PAYMENT,11829.85,C42288417,444169.86,432340.01,M888614370,0.0,0.0,0,0
40,CASH_IN,243746.51,C1378194315,20570.0,264316.51,C17776332,6713604.0,6469857.48,0,0
40,TRANSFER,297060.23,C973567133,199646.0,0.0,C298547888,403729.29,700789.52,0,0
40,PAYMENT,11254.31,C302224049,53046.0,41791.69,M529933614,0.0,0.0,0,0
40,CASH_IN,195990.52,C1641104540,132810.0,328800.52,C1150259611,733300.03,537309.51,0,0
40,TRANSFER,379852.86,C1618180007,1711.0,0.0,C191571438,2187546.66,2567399.52,0,0
40,CASH_OUT,60759.19,C1852569346,0.0,0.0,C452934683,841170.72,901929.91,0,0
40,CASH_OUT,393034.94,C1090126004,6490.0,0.0,C1517840341,301936.82,694971.76,0,0
40,CASH_IN,159487.76,C736381331,14649.0,174136.76,C664668790,103133.03,0.0,0,0
40,PAYMENT,14195.99,C1355926791,121817.0,107621.01,M1639179256,0.0,0.0,0,0
40,CASH_OUT,41409.08,C1901899994,107621.01,66211.92,C823182555,5047464.43,5268948.69,0,0
40,CASH_OUT,71492.24,C2029897651,1222.0,0.0,C1963366337,0.0,71492.24,0,0
40,PAYMENT,4785.02,C639272030,0.0,0.0,M1481117510,0.0,0.0,0,0
40,CASH_OUT,483156.19,C1275506421,293.0,0.0,C1948440979,108252.0,591408.19,0,0
40,TRANSFER,501691.53,C1515206809,50307.0,0.0,C908120130,2528.97,504220.5,0,0
40,CASH_OUT,70549.16,C681209849,51176.0,0.0,C1381631411,0.0,70549.16,0,0
40,CASH_OUT,194021.06,C808478611,11191.0,0.0,C716386442,0.0,194021.06,0,0
40,CASH_OUT,235541.05,C1228408422,29839.0,0.0,C1782523124,989300.35,1224841.4,0,0
40,CASH_IN,274341.57,C318208808,188.0,274529.57,C404815150,0.0,0.0,0,0
40,PAYMENT,1909.84,C1776888616,274529.57,272619.74,M1524028793,0.0,0.0,0,0
40,PAYMENT,14035.77,C1406460787,272619.74,258583.96,M2060712986,0.0,0.0,0,0
40,PAYMENT,21549.0,C1514350595,319787.95,298238.94,M919749423,0.0,0.0,0,0
40,CASH_OUT,174910.34,C1122623997,298238.94,123328.6,C1751190223,1561459.19,1754677.89,0,0
40,CASH_IN,18447.41,C658503318,52224.0,70671.41,C1283626649,1437245.74,1418798.33,0,0
40,PAYMENT,10746.8,C1686098242,257255.0,246508.2,M1083194841,0.0,0.0,0,0
40,PAYMENT,12198.03,C1299958335,246508.2,234310.17,M363339328,0.0,0.0,0,0
40,CASH_OUT,256349.63,C256325750,56958.0,0.0,C1910280206,0.0,256349.63,0,0
40,CASH_OUT,538508.59,C1316528818,75216.0,0.0,C487881530,0.0,538508.59,0,0
40,PAYMENT,7181.54,C1564582768,0.0,0.0,M147782790,0.0,0.0,0,0
40,PAYMENT,589.69,C1056764257,0.0,0.0,M899332414,0.0,0.0,0,0
40,CASH_IN,60524.68,C1695602398,10161.0,70685.68,C1523789624,0.0,0.0,0,0
40,CASH_IN,355585.52,C440745014,273543.0,629128.52,C159192228,1434339.3,1078753.78,0,0
40,CASH_IN,288806.14,C1131131366,7076.0,295882.14,C1187694094,0.0,0.0,0,0
40,CASH_IN,15454.75,C593011708,11116.0,26570.75,C1671233223,16916.16,1461.41,0,0
40,CASH_OUT,158207.38,C1075652463,588.0,0.0,C1318491599,1930580.58,2088787.96,0,0
40,TRANSFER,971071.62,C1938429910,48246.0,0.0,C1288391434,741502.39,1712574.01,0,0
40,CASH_OUT,544494.91,C1836084416,41225.0,0.0,C884342977,536199.07,1080693.98,0,0
40,CASH_OUT,484686.61,C198276561,4506.0,0.0,C1067783447,132931.17,828294.79,0,0
40,CASH_OUT,513323.75,C584977819,14604.0,0.0,C931949675,0.0,513323.75,0,0
40,CASH_OUT,447608.92,C21600945,112153.0,0.0,C651209758,527930.6,975539.53,0,0
40,CASH_OUT,205248.42,C1865543732,423.0,0.0,C1503219599,1142484.58,1347733.0,0,0
40,CASH_IN,52709.82,C1875800062,101393.0,154102.82,C1924105865,0.0,0.0,0,0
40,PAYMENT,18210.35,C1034814793,10857.0,0.0,M1895799903,0.0,0.0,0,0
40,CASH_IN,152664.91,C271544868,828785.83,981450.74,C553204039,0.0,0.0,0,0
40,PAYMENT,4603.0,C209870400,981450.74,976847.74,M1103861460,0.0,0.0,0,0
40,PAYMENT,32988.19,C1297807318,21200.0,0.0,M646910475,0.0,0.0,0,0
40,PAYMENT,21881.41,C954284228,0.0,0.0,M620852282,0.0,0.0,0,0
40,PAYMENT,1277.1,C1065337611,0.0,0.0,M1631490469,0.0,0.0,0,0
40,CASH_OUT,413982.86,C1344840286,86933.0,0.0,C413293168,0.0,413982.86,0,0
40,PAYMENT,9319.31,C2116463813,4080.0,0.0,M1065373585,0.0,0.0,0,0
40,CASH_OUT,300003.74,C715539069,22175.0,0.0,C1285976210,0.0,300003.74,0,0
40,PAYMENT,20895.76,C1065959205,0.0,0.0,M1946348693,0.0,0.0,0,0
40,PAYMENT,10058.79,C1237571907,0.0,0.0,M1374605228,0.0,0.0,0,0
40,PAYMENT,25456.21,C661172899,0.0,0.0,M1148032159,0.0,0.0,0,0
40,PAYMENT,7294.62,C322131088,0.0,0.0,M872901365,0.0,0.0,0,0
40,PAYMENT,12475.31,C1452813180,0.0,0.0,M2121897052,0.0,0.0,0,0
40,CASH_IN,89755.84,C2003290327,32968.0,122723.84,C308417392,0.0,0.0,0,0
40,CASH_OUT,95362.11,C2025346060,312.0,0.0,C856501720,28641.0,115324.42,0,0
40,CASH_OUT,9973.97,C1869366188,363976.0,354002.03,C366727308,0.0,9973.97,0,0
40,PAYMENT,7687.95,C1569059177,354002.03,346314.07,M351124350,0.0,0.0,0,0
40,PAYMENT,10270.94,C785352155,113749.0,103478.06,M590594701,0.0,0.0,0,0
40,CASH_IN,148670.88,C1372549435,129412.0,278082.88,C576976476,1438161.61,1289490.72,0,0
40,TRANSFER,523617.13,C671094327,278082.88,0.0,C1735929857,1838887.19,2362504.32,0,0
40,TRANSFER,785573.54,C2050207665,0.0,0.0,C1228900130,1496435.95,2282009.49,0,0
40,TRANSFER,487535.44,C1202273744,72270.0,0.0,C1617045552,0.0,487535.44,0,0
40,PAYMENT,43283.98,C1833294519,40701.0,0.0,M1172101254,0.0,0.0,0,0
40,CASH_IN,372834.73,C586525099,11824.0,384658.73,C394907949,0.0,0.0,0,0
40,CASH_OUT,72570.08,C750536600,11439.0,0.0,C1424305219,0.0,72570.08,0,0
40,CASH_IN,409705.52,C1877975258,11859.0,421564.52,C1119868453,1223216.19,813510.67,0,0
40,PAYMENT,14705.43,C1288985929,22256.0,7550.57,M1130569097,0.0,0.0,0,0
40,PAYMENT,6617.12,C229446394,7550.57,933.45,M525765349,0.0,0.0,0,0
40,PAYMENT,9650.42,C1904648787,933.45,0.0,M710043327,0.0,0.0,0,0
40,PAYMENT,14166.66,C1326287821,2000.0,0.0,M1688678763,0.0,0.0,0,0
40,PAYMENT,13553.56,C553096086,168032.0,154478.44,M430538409,0.0,0.0,0,0
40,PAYMENT,5842.34,C978967986,154478.44,148636.09,M1730715643,0.0,0.0,0,0
40,PAYMENT,8269.38,C2069879723,148636.09,140366.71,M701611615,0.0,0.0,0,0
40,CASH_OUT,224281.6,C1569804954,24144.0,0.0,C757116205,41948.81,266230.41,0,0
40,CASH_OUT,16133.82,C2120599956,0.0,0.0,C1785304798,2056249.26,2072383.08,0,0
40,CASH_IN,317425.59,C2070071152,181866.0,499291.59,C1458700268,0.0,0.0,0,0
40,PAYMENT,9841.36,C1600503045,499291.59,489450.23,M146219505,0.0,0.0,0,0
40,PAYMENT,11026.41,C1489920026,489450.23,478423.82,M897217844,0.0,0.0,0,0
40,CASH_OUT,249548.42,C1191541515,130190.0,0.0,C2043004079,162477.32,412025.74,0,0
40,CASH_OUT,268488.66,C1980523187,105856.0,0.0,C1584058167,1901282.85,2169771.52,0,0
40,CASH_OUT,327242.49,C1575551704,1388.0,0.0,C447332137,91631.32,418873.81,0,0
40,PAYMENT,17523.64,C995893124,55172.0,37648.36,M1475212999,0.0,0.0,0,0
40,TRANSFER,1118134.9,C1113657203,1233.0,0.0,C1687445183,623163.69,1587525.17,0,0
40,PAYMENT,36228.07,C1460353573,9071.0,0.0,M217104255,0.0,0.0,0,0
40,CASH_OUT,136161.05,C873675752,83.0,0.0,C80088316,2283318.7,2419479.75,0,0
40,CASH_IN,396122.79,C2118365326,35587.0,431709.79,C778689025,0.0,0.0,0,0
40,PAYMENT,1188.7,C1880586097,431709.79,430521.09,M2031428939,0.0,0.0,0,0
40,CASH_OUT,122422.0,C1416924666,12392.0,0.0,C780721275,0.0,122422.0,0,0
40,PAYMENT,20576.58,C936411194,13898.0,0.0,M2084033870,0.0,0.0,0,0
40,CASH_OUT,118019.75,C744003838,897077.0,779057.25,C630389859,76793.84,194813.59,0,0
40,CASH_OUT,214312.08,C1555291090,8010.0,0.0,C548716331,695620.09,909932.17,0,0
40,PAYMENT,5586.04,C1875984686,0.0,0.0,M764310591,0.0,0.0,0,0
40,PAYMENT,12834.94,C1173984792,0.0,0.0,M131512382,0.0,0.0,0,0
40,PAYMENT,8234.25,C1659589083,0.0,0.0,M1008397877,0.0,0.0,0,0
40,PAYMENT,21495.9,C903542520,0.0,0.0,M125812533,0.0,0.0,0,0
40,PAYMENT,8809.82,C1067602824,0.0,0.0,M1411541263,0.0,0.0,0,0
40,PAYMENT,4602.76,C908933189,0.0,0.0,M1280421794,0.0,0.0,0,0
40,PAYMENT,343.51,C1640143795,0.0,0.0,M653257877,0.0,0.0,0,0
40,PAYMENT,3821.39,C2036274973,0.0,0.0,M942836523,0.0,0.0,0,0
40,PAYMENT,12275.48,C1297649821,0.0,0.0,M344610535,0.0,0.0,0,0
40,PAYMENT,3082.61,C367807636,0.0,0.0,M959178449,0.0,0.0,0,0
40,CASH_IN,214349.09,C813581585,30100.0,244449.09,C1134409797,3256824.81,3042475.72,0,0
40,PAYMENT,6561.4,C1980039319,943.0,0.0,M24803887,0.0,0.0,0,0
40,PAYMENT,34908.71,C1728121279,19303.0,0.0,M622173827,0.0,0.0,0,0
40,CASH_OUT,172443.08,C2076844814,8147.0,0.0,C135509434,0.0,172443.08,0,0
40,PAYMENT,2972.03,C699635034,585325.0,582352.97,M1183853858,0.0,0.0,0,0
40,PAYMENT,24763.59,C1341670133,582352.97,557589.37,M1702943319,0.0,0.0,0,0
40,PAYMENT,11120.71,C1345096440,63977.2,52856.49,M387077346,0.0,0.0,0,0
40,PAYMENT,15724.52,C451957535,52856.49,37131.98,M2042716276,0.0,0.0,0,0
40,CASH_OUT,113864.18,C1292787454,75326.0,0.0,C2093346908,1099.39,114963.57,0,0
40,CASH_OUT,105427.15,C1212069625,17612.0,0.0,C309829587,915350.79,1020777.93,0,0
40,CASH_OUT,212583.93,C1355709514,607.0,0.0,C2023070534,393115.87,605699.8,0,0
40,PAYMENT,13363.78,C578708711,100329.0,86965.22,M490219512,0.0,0.0,0,0
40,PAYMENT,4572.7,C537711576,86965.22,82392.52,M58967999,0.0,0.0,0,0
40,DEBIT,352.31,C1384890996,10097.0,9744.69,C614463619,76661.96,77014.27,0,0
40,TRANSFER,824737.19,C240134202,52033.0,0.0,C443089167,0.0,562976.76,0,0
40,CASH_OUT,56608.73,C1208268859,31684.0,0.0,C1560575164,0.0,56608.73,0,0
40,PAYMENT,10190.45,C1437020347,101707.0,91516.55,M1496563737,0.0,0.0,0,0
40,CASH_IN,172771.35,C1445798653,70127.0,242898.35,C1143394353,1401752.74,1228981.39,0,0
40,PAYMENT,2758.38,C998608227,242898.35,240139.96,M1472938048,0.0,0.0,0,0
40,CASH_IN,293835.08,C272593320,598.0,294433.08,C351873573,132557.53,0.0,0,0
40,PAYMENT,17194.48,C792368024,46865.0,29670.52,M952368521,0.0,0.0,0,0
40,CASH_OUT,193357.62,C889676689,24406.0,0.0,C145703383,0.0,193357.62,0,0
40,CASH_OUT,309601.53,C1591670440,0.0,0.0,C1513277225,654561.17,964162.7,0,0
40,CASH_OUT,102594.63,C620959928,12381.0,0.0,C332514741,0.0,102594.63,0,0
40,PAYMENT,1086.28,C42702372,6738.0,5651.72,M203318799,0.0,0.0,0,0
40,PAYMENT,30096.39,C626829970,51350.0,21253.61,M405250137,0.0,0.0,0,0
40,PAYMENT,1919.71,C1178808271,21253.61,19333.9,M957486870,0.0,0.0,0,0
40,CASH_IN,348987.88,C2035950236,30455.0,379442.88,C585050597,1826.9,0.0,0,0
40,PAYMENT,291.65,C1549426822,10777.0,10485.35,M54002069,0.0,0.0,0,0
40,PAYMENT,26183.37,C708512835,10485.35,0.0,M48076122,0.0,0.0,0,0
40,PAYMENT,3931.28,C218930135,0.0,0.0,M1325078346,0.0,0.0,0,0
40,CASH_IN,212960.37,C1020285890,287299.0,500259.37,C467149560,1256700.33,1043739.96,0,0
40,TRANSFER,187612.59,C1380542023,13718.0,0.0,C1003404574,994810.25,1182422.84,0,0
40,CASH_OUT,416761.7,C997363194,0.0,0.0,C966243213,2979853.26,3851309.26,0,0
40,CASH_IN,237241.17,C765824153,40003.0,277244.17,C773243031,122083.12,0.0,0,0
40,PAYMENT,6737.87,C324375724,277244.17,270506.29,M179811295,0.0,0.0,0,0
40,PAYMENT,15399.97,C621142574,270506.29,255106.32,M608527187,0.0,0.0,0,0
40,PAYMENT,1640.05,C453669763,255106.32,253466.27,M739512950,0.0,0.0,0,0
40,PAYMENT,16445.54,C638226760,253466.27,237020.73,M702165281,0.0,0.0,0,0
40,PAYMENT,19309.58,C1627707890,237020.73,217711.15,M1829756934,0.0,0.0,0,0
40,PAYMENT,11030.56,C536722494,217711.15,206680.6,M1742132697,0.0,0.0,0,0
40,PAYMENT,21118.43,C551181208,206680.6,185562.16,M851939413,0.0,0.0,0,0
40,PAYMENT,2564.0,C1076483711,185562.16,182998.16,M293649342,0.0,0.0,0,0
40,PAYMENT,4591.65,C1676948621,182998.16,178406.51,M1832867230,0.0,0.0,0,0
40,PAYMENT,9477.34,C1672211560,178406.51,168929.17,M2002974440,0.0,0.0,0,0
40,PAYMENT,6797.87,C896591061,168929.17,162131.3,M578077760,0.0,0.0,0,0
40,PAYMENT,14776.91,C511747274,162131.3,147354.4,M2125841476,0.0,0.0,0,0
40,PAYMENT,9275.88,C1288814859,147354.4,138078.52,M1208175125,0.0,0.0,0,0
40,PAYMENT,14828.04,C1404965163,138078.52,123250.47,M58288380,0.0,0.0,0,0
40,PAYMENT,30493.08,C1105340417,123250.47,92757.39,M333681098,0.0,0.0,0,0
40,PAYMENT,15604.56,C813166036,92757.39,77152.83,M2021739950,0.0,0.0,0,0
40,PAYMENT,6962.39,C678674591,77152.83,70190.44,M655452570,0.0,0.0,0,0
40,PAYMENT,12839.32,C671562209,70190.44,57351.12,M1520037234,0.0,0.0,0,0
40,PAYMENT,14373.85,C1817749894,57351.12,42977.27,M1084837934,0.0,0.0,0,0
40,PAYMENT,23929.66,C1366335979,42977.27,19047.61,M1142367434,0.0,0.0,0,0
40,PAYMENT,797.6,C1831514455,19047.61,18250.01,M1728619772,0.0,0.0,0,0
40,PAYMENT,4733.98,C866336271,18250.01,13516.03,M1324318149,0.0,0.0,0,0
40,PAYMENT,5665.46,C1995955526,13516.03,7850.57,M1417324576,0.0,0.0,0,0
40,PAYMENT,10960.09,C2114172902,7850.57,0.0,M1261956278,0.0,0.0,0,0
40,PAYMENT,10693.66,C56759675,110304.0,99610.34,M47744671,0.0,0.0,0,0
40,CASH_OUT,94919.53,C1627893157,10485.0,0.0,C1303998357,0.0,94919.53,0,0
40,CASH_IN,102121.16,C362921839,102371.0,204492.16,C1645930090,337117.7,234996.54,0,0
40,CASH_OUT,133185.81,C108771693,157017.0,23831.19,C854516995,0.0,133185.81,0,0
40,CASH_IN,21620.29,C1087449923,111958.0,133578.29,C250710008,1742124.37,1720504.08,0,0
40,CASH_OUT,623156.01,C476564601,80057.0,0.0,C1624061227,0.0,623156.01,0,0
40,CASH_IN,316971.98,C69550685,6226.0,323197.98,C1696218625,612415.09,295443.11,0,0
40,CASH_IN,209430.77,C1598960485,61781.0,271211.77,C1112933830,122448.33,0.0,0,0
40,CASH_IN,282663.73,C369918204,141.0,282804.73,C220545982,198470.64,0.0,0,0
40,PAYMENT,0.5,C883593792,12774.0,12773.5,M439552290,0.0,0.0,0,0
40,CASH_OUT,44977.85,C885576730,6620.0,0.0,C1354822789,0.0,44977.85,0,0
40,CASH_OUT,351648.13,C1177659679,0.0,0.0,C441730242,322979.81,674627.94,0,0
40,PAYMENT,12190.14,C644418315,0.0,0.0,M605121789,0.0,0.0,0,0
40,PAYMENT,34232.68,C1451951201,0.0,0.0,M490288894,0.0,0.0,0,0
40,CASH_IN,482281.34,C1936086785,7829.0,490110.34,C1543464718,0.0,0.0,0,0
40,CASH_IN,210286.1,C1556065044,9832.0,220118.1,C1049732206,0.0,0.0,0,0
40,CASH_IN,32276.53,C1385764078,133386.0,165662.53,C1911811264,0.0,0.0,0,0
40,CASH_IN,146587.57,C113464965,29771.0,176358.57,C1691452788,1541257.89,1394670.32,0,0
40,CASH_OUT,56378.76,C1197262595,36465.0,0.0,C890324541,0.0,0.0,0,0
40,PAYMENT,20082.83,C1721381879,11956.0,0.0,M2084468142,0.0,0.0,0,0
40,CASH_OUT,438226.74,C1624601554,60559.0,0.0,C1762644830,719842.81,1158069.55,0,0
40,PAYMENT,14849.84,C1100010516,339.0,0.0,M1990345306,0.0,0.0,0,0
40,CASH_IN,265771.63,C2042546725,934.0,266705.63,C2027476570,3890988.26,3625216.64,0,0
40,CASH_IN,286016.97,C851340579,19804.0,305820.97,C1616012825,23554.35,0.0,0,0
40,CASH_OUT,162362.83,C1976119060,487.0,0.0,C1990768231,0.0,162362.83,0,0
40,PAYMENT,2918.06,C295502693,0.0,0.0,M519904401,0.0,0.0,0,0
40,PAYMENT,3939.99,C1609284888,0.0,0.0,M1667668094,0.0,0.0,0,0
40,PAYMENT,14125.38,C446245212,0.0,0.0,M1819719434,0.0,0.0,0,0
40,PAYMENT,12040.8,C1861731553,0.0,0.0,M965022761,0.0,0.0,0,0
40,PAYMENT,3609.42,C1778715020,0.0,0.0,M856829217,0.0,0.0,0,0
40,PAYMENT,12395.5,C1670522734,0.0,0.0,M1923564393,0.0,0.0,0,0
40,PAYMENT,4048.35,C816610776,0.0,0.0,M318059977,0.0,0.0,0,0
40,PAYMENT,4731.09,C1613683118,0.0,0.0,M677016265,0.0,0.0,0,0
40,PAYMENT,4901.43,C2076936359,0.0,0.0,M1084993898,0.0,0.0,0,0
40,PAYMENT,2908.54,C1457447800,0.0,0.0,M770252624,0.0,0.0,0,0
40,CASH_OUT,203182.92,C180368634,149571.0,0.0,C673516641,0.0,203182.92,0,0
40,CASH_IN,129678.54,C394130473,39322.0,169000.54,C2085533186,0.0,0.0,0,0
40,CASH_OUT,418501.01,C907608221,3804.0,0.0,C371290780,0.0,418501.01,0,0
40,TRANSFER,280986.82,C1408207505,0.0,0.0,C1196590236,3682613.97,3963600.8,0,0
40,TRANSFER,193964.84,C1484985330,0.0,0.0,C736325226,2815474.75,3359576.33,0,0
40,TRANSFER,408517.84,C539453559,0.0,0.0,C1835201273,847541.41,1256059.25,0,0
40,TRANSFER,186851.11,C1589938438,0.0,0.0,C577117717,269757.63,456608.73,0,0
40,TRANSFER,271516.25,C1909472077,0.0,0.0,C917711044,2088742.14,2360258.39,0,0
40,TRANSFER,204021.21,C822917638,0.0,0.0,C892350655,574059.41,778080.61,0,0
40,TRANSFER,84415.85,C720570496,0.0,0.0,C549176459,3154538.36,3238954.21,0,0
40,TRANSFER,284724.83,C1342515297,0.0,0.0,C1363402770,352321.28,637046.11,0,0
40,TRANSFER,205951.27,C545221503,0.0,0.0,C840534489,344880.98,550832.26,0,0
40,TRANSFER,236308.24,C1962355196,0.0,0.0,C211987968,1399409.03,1635717.27,0,0
40,TRANSFER,96743.69,C1181911274,0.0,0.0,C1581898626,115044.2,211787.89,0,0
40,TRANSFER,74560.33,C1070462565,0.0,0.0,C726837848,1902078.24,1874669.18,0,0
40,TRANSFER,442972.75,C1689405040,0.0,0.0,C1482455618,2284393.92,2972348.66,0,0
40,TRANSFER,1592964.21,C692534227,0.0,0.0,C832293290,4445674.46,6038638.67,0,0
40,TRANSFER,787184.25,C2065748937,0.0,0.0,C96415425,5862354.51,6649538.77,0,0
40,TRANSFER,59222.48,C722369558,0.0,0.0,C1275086728,1446925.94,1506148.42,0,0
40,TRANSFER,789026.81,C1568227009,0.0,0.0,C2074285009,4221996.51,8344522.13,0,0
40,CASH_OUT,107743.82,C1307582238,40520.0,0.0,C1905924918,3240113.87,3347857.69,0,0
40,CASH_OUT,500864.49,C808657906,6045.0,0.0,C1559286738,28953.06,583969.7,0,0
40,CASH_IN,243838.53,C1753552686,266.0,244104.53,C1774579266,4876506.49,4632667.95,0,0
40,CASH_OUT,86287.73,C2082386889,145489.0,59201.27,C1688046135,0.0,86287.73,0,0
40,PAYMENT,14854.32,C828066747,59201.27,44346.95,M408863441,0.0,0.0,0,0
40,CASH_OUT,179851.48,C1487047315,53491.0,0.0,C1061261232,0.0,179851.48,0,0
40,CASH_IN,76554.62,C1361836725,82283.18,158837.8,C1141332020,1281346.89,1204792.27,0,0
40,PAYMENT,8270.12,C977692088,158837.8,150567.67,M1415602283,0.0,0.0,0,0
40,CASH_OUT,7734.54,C416976486,49653.0,41918.46,C1903304226,631828.72,639563.26,0,0
40,TRANSFER,323525.2,C371859866,41918.46,0.0,C1388213832,1984309.42,2307834.62,0,0
40,TRANSFER,331247.16,C524873026,0.0,0.0,C949188034,1665322.21,1996569.37,0,0
40,TRANSFER,161679.8,C1216132600,0.0,0.0,C1510291087,507049.22,226345.02,0,0
40,TRANSFER,201094.83,C68791087,0.0,0.0,C1751465002,215323.17,416418.0,0,0
40,TRANSFER,124864.24,C1131965639,0.0,0.0,C803913246,300426.13,425290.37,0,0
40,CASH_IN,64878.39,C453159703,28800.0,93678.39,C209767449,1752329.85,1687451.46,0,0
40,CASH_OUT,105219.72,C914104058,40597.0,0.0,C1924197478,518950.32,624170.03,0,0
40,PAYMENT,1888.48,C2138409929,16234.0,14345.52,M2137771700,0.0,0.0,0,0
40,CASH_OUT,459267.55,C1908377693,101115.0,0.0,C1166059072,0.0,459267.55,0,0
40,CASH_OUT,68797.28,C669176670,3148.0,0.0,C1349235344,825303.03,894100.3,0,0
40,PAYMENT,9131.08,C1947877288,113.0,0.0,M1428509169,0.0,0.0,0,0
40,CASH_OUT,163864.57,C1490409064,0.0,0.0,C494827114,848528.0,1012392.56,0,0
40,CASH_OUT,240384.97,C1771869711,0.0,0.0,C1357134467,838624.62,1079009.59,0,0
40,CASH_OUT,91876.2,C1281233899,0.0,0.0,C271861151,693793.08,785669.27,0,0
40,CASH_OUT,47614.51,C856389960,0.0,0.0,C2038858568,141083.13,188697.64,0,0
40,CASH_OUT,110074.18,C1159434199,0.0,0.0,C719446366,606908.37,716982.55,0,0
40,CASH_OUT,120465.35,C1211778453,0.0,0.0,C1163444672,809643.97,930109.32,0,0
40,CASH_OUT,140562.47,C1959249458,0.0,0.0,C1107398194,1074694.16,1483174.2,0,0
40,CASH_OUT,2427.71,C476983515,0.0,0.0,C1339555638,3029269.31,3031697.02,0,0
40,CASH_OUT,175689.9,C93479350,0.0,0.0,C1003218871,190087.84,365777.73,0,0
40,CASH_OUT,5728.78,C522095228,0.0,0.0,C1133105949,115269.97,120998.75,0,0
40,CASH_OUT,242030.75,C1436690939,0.0,0.0,C1185567380,1570130.19,1812160.94,0,0
40,CASH_OUT,82189.87,C942089084,0.0,0.0,C1684031871,278086.23,360276.1,0,0
40,CASH_OUT,164046.19,C783182367,14141.0,0.0,C2141646281,75237.72,239283.9,0,0
40,PAYMENT,15916.21,C1158170844,118232.0,102315.79,M27348087,0.0,0.0,0,0
40,CASH_OUT,140993.5,C10265596,7192.0,0.0,C421189395,696730.06,1285893.59,0,0
40,CASH_OUT,168359.54,C1564467042,0.0,0.0,C1988326712,413046.74,581406.28,0,0
40,CASH_OUT,191295.85,C1526080177,0.0,0.0,C893193802,421706.45,613002.3,0,0
40,CASH_OUT,254395.74,C1371479916,2508.0,0.0,C748736791,0.0,254395.74,0,0
40,PAYMENT,10864.31,C878298596,21786.0,10921.69,M398383298,0.0,0.0,0,0
40,CASH_OUT,2101.66,C2092335918,54853.0,52751.34,C394274493,0.0,2101.66,0,0
40,CASH_IN,18287.31,C1440462763,52751.34,71038.65,C1452078558,34712.57,16425.25,0,0
40,CASH_IN,155497.07,C802631185,71038.65,226535.72,C1620371553,392137.54,236640.47,0,0
40,CASH_IN,300897.34,C1322163169,226535.72,527433.06,C213447628,765154.72,464257.38,0,0
40,CASH_IN,341894.03,C111791845,527433.06,869327.09,C1056038285,3103679.25,2882437.01,0,0
40,CASH_IN,66704.75,C239556468,869327.09,936031.84,C569167831,2442540.13,2375835.38,0,0
40,CASH_IN,51904.79,C410408715,936031.84,987936.63,C1630413981,200522.52,148617.73,0,0
40,CASH_IN,75984.39,C576570999,987936.63,1063921.03,C96923625,2994894.99,2918910.6,0,0
40,CASH_IN,180314.47,C1783360063,1063921.03,1244235.49,C553707816,197981.19,17666.72,0,0
40,CASH_IN,32275.37,C1585704181,1244235.49,1276510.86,C1622973117,1065118.78,1032843.41,0,0
40,CASH_IN,154395.79,C1952917025,1276510.86,1430906.65,C1491824127,540088.14,385692.36,0,0
40,CASH_IN,35641.67,C944060580,1430906.65,1466548.32,C459060048,929972.47,894330.8,0,0
40,CASH_IN,79620.66,C225064833,1466548.32,1546168.98,C879781582,812392.03,735540.98,0,0
40,CASH_IN,87373.49,C1288672925,1546168.98,1633542.47,C1879069064,334081.26,246707.77,0,0
40,CASH_IN,101173.86,C30729995,1633542.47,1734716.33,C499289357,142663.79,41489.93,0,0
40,PAYMENT,6353.9,C272990093,40903.0,34549.1,M1288672315,0.0,0.0,0,0
40,CASH_OUT,174679.43,C2089064513,143748.0,0.0,C250764236,1840492.88,2015172.31,0,0
40,CASH_OUT,174545.27,C1523500133,19364.0,0.0,C1235151206,8850494.61,9025039.88,0,0
40,CASH_IN,128207.53,C1632399782,12259.0,140466.53,C1457532940,633965.03,513514.11,0,0
40,CASH_OUT,92923.95,C1360154616,334457.0,241533.05,C2021765761,473872.69,566796.64,0,0
40,CASH_IN,220673.88,C151814923,51702.0,272375.88,C518330932,77678.16,0.0,0,0
40,CASH_IN,287958.93,C625841059,185526.0,473484.93,C1406208506,0.0,0.0,0,0
40,CASH_OUT,271229.69,C655235053,21295.0,0.0,C1295412331,114954.38,386184.07,0,0
40,CASH_OUT,141845.57,C1679876475,107991.0,0.0,C606763848,10401.44,152247.01,0,0
40,PAYMENT,4773.47,C165229103,0.0,0.0,M1077962812,0.0,0.0,0,0
40,CASH_OUT,30539.22,C388411046,14482.0,0.0,C1072883236,2335857.21,2366396.43,0,0
40,CASH_IN,228996.78,C1961799168,100164.0,329160.78,C201998399,1381482.24,912345.71,0,0
40,CASH_IN,307244.45,C879141624,833.0,308077.45,C1265655539,6684.53,0.0,0,0
40,CASH_OUT,75587.41,C1998863808,30162.0,0.0,C1963424698,559501.35,635088.75,0,0
40,CASH_OUT,246183.6,C1440083484,16695.0,0.0,C807361331,359612.53,605796.13,0,0
40,CASH_IN,178243.08,C1414190088,21255.0,199498.08,C388419372,60088.1,0.0,0,0
40,CASH_OUT,361337.65,C1438305563,11378.0,0.0,C444245544,321145.07,682482.72,0,0
40,CASH_IN,168875.88,C61218897,123860.0,292735.88,C512904319,15406.0,0.0,0,0
40,CASH_IN,282015.53,C2046397239,21017.0,303032.53,C1746182000,0.0,0.0,0,0
40,CASH_OUT,45845.86,C2064771732,859.0,0.0,C1668589915,0.0,45845.86,0,0
40,PAYMENT,905.64,C2025861880,0.0,0.0,M1247158553,0.0,0.0,0,0
40,PAYMENT,12340.29,C2143529815,90306.0,77965.71,M200457073,0.0,0.0,0,0
40,PAYMENT,5231.99,C1918635781,9073.0,3841.01,M158971582,0.0,0.0,0,0
40,TRANSFER,378131.21,C1795309013,3841.01,0.0,C331947362,467744.88,845876.09,0,0
40,CASH_OUT,146737.29,C1966422775,10805.0,0.0,C1325988604,0.0,146737.29,0,0
40,CASH_OUT,142445.21,C1736648563,0.0,0.0,C1004058392,2146848.24,2289293.44,0,0
40,CASH_OUT,221402.0,C596353403,0.0,0.0,C1694398149,1486094.8,1707496.8,0,0
40,CASH_OUT,43182.66,C1503513674,0.0,0.0,C400402578,118162.17,161344.84,0,0
40,CASH_OUT,70274.86,C86222604,0.0,0.0,C65098329,502746.75,573021.61,0,0
40,CASH_OUT,15382.63,C2078646372,0.0,0.0,C909932900,80185.67,95568.31,0,0
40,CASH_OUT,206955.69,C94066202,0.0,0.0,C227521798,3430358.16,3637313.85,0,0
40,CASH_OUT,108665.23,C852698495,0.0,0.0,C1941264939,158549.13,404821.77,0,0
40,CASH_OUT,145099.86,C718340078,0.0,0.0,C1469253164,726749.87,871849.73,0,0
40,CASH_OUT,153898.09,C2086706256,0.0,0.0,C2080425336,218376.4,372274.48,0,0
40,CASH_OUT,24030.63,C588529216,0.0,0.0,C1445360130,360262.62,384293.25,0,0
40,CASH_OUT,304638.91,C138878848,0.0,0.0,C1267030072,506370.76,811009.67,0,0
40,CASH_OUT,142673.85,C633712361,0.0,0.0,C1996299764,432391.04,575064.89,0,0
40,CASH_OUT,167962.49,C1564423197,0.0,0.0,C1170017022,714333.84,882296.34,0,0
40,PAYMENT,11869.76,C1599858628,91941.0,80071.24,M1867536560,0.0,0.0,0,0
40,CASH_IN,29594.81,C1743389013,2733.0,32327.81,C1587438164,521520.03,491925.22,0,0
40,TRANSFER,815590.86,C1137790569,10411.0,0.0,C357452134,0.0,815590.86,0,0
40,TRANSFER,254211.33,C1135932432,0.0,0.0,C1892416088,325414.16,579625.49,0,0
40,CASH_IN,226521.19,C785162510,30255.0,256776.19,C40734720,794612.46,568091.27,0,0
40,PAYMENT,18239.03,C421260587,256776.19,238537.16,M1357924967,0.0,0.0,0,0
40,TRANSFER,462239.39,C880812061,238.0,0.0,C2147195354,6016602.22,6478841.61,0,0
40,PAYMENT,1853.11,C2131702610,0.0,0.0,M968620845,0.0,0.0,0,0
40,PAYMENT,321.34,C1808416015,107104.0,106782.66,M1585412259,0.0,0.0,0,0
40,CASH_OUT,187432.66,C1491879325,279419.0,91986.34,C370241847,0.0,187432.66,0,0
40,PAYMENT,5663.67,C1055440702,91986.34,86322.67,M82894761,0.0,0.0,0,0
40,PAYMENT,5514.9,C569312756,100364.0,94849.1,M454393081,0.0,0.0,0,0
40,PAYMENT,13130.73,C1618948586,25230.0,12099.27,M1659942875,0.0,0.0,0,0
40,CASH_OUT,69171.77,C1005182676,132240.0,63068.23,C493474083,616598.57,685770.34,0,0
40,PAYMENT,27205.67,C187404260,361893.0,334687.33,M314707722,0.0,0.0,0,0
40,CASH_IN,413553.94,C1969962214,31880.0,445433.94,C1838298605,68174.34,0.0,0,0
40,CASH_OUT,48226.45,C8475617,24457.0,0.0,C174746976,3885950.51,4101264.54,0,0
40,CASH_OUT,125516.59,C1459796154,1019.0,0.0,C1869042408,0.0,125516.59,0,0
40,PAYMENT,19370.14,C1429886735,49724.0,30353.86,M2040188226,0.0,0.0,0,0
40,PAYMENT,1489.15,C1930336203,30353.86,28864.72,M831207032,0.0,0.0,0,0
40,PAYMENT,7285.85,C906927465,28864.72,21578.87,M433174071,0.0,0.0,0,0
40,PAYMENT,6485.07,C510052873,21578.87,15093.8,M1983252299,0.0,0.0,0,0
40,PAYMENT,9639.12,C881932593,15093.8,5454.68,M543510938,0.0,0.0,0,0
40,PAYMENT,11626.6,C142340381,5454.68,0.0,M1320268550,0.0,0.0,0,0
40,PAYMENT,7735.48,C1934906192,0.0,0.0,M2033657121,0.0,0.0,0,0
40,PAYMENT,4592.98,C781434883,0.0,0.0,M1836674900,0.0,0.0,0,0
40,PAYMENT,597.14,C1021734776,0.0,0.0,M2084064232,0.0,0.0,0,0
40,PAYMENT,11254.14,C1276841908,0.0,0.0,M1782504108,0.0,0.0,0,0
40,PAYMENT,22299.01,C1697445180,0.0,0.0,M1542821242,0.0,0.0,0,0
40,PAYMENT,1543.2,C1334265631,0.0,0.0,M1399853049,0.0,0.0,0,0
40,PAYMENT,3025.7,C1375176126,0.0,0.0,M652117183,0.0,0.0,0,0
40,PAYMENT,3779.21,C1402245316,0.0,0.0,M13128328,0.0,0.0,0,0
40,PAYMENT,7558.09,C1837104474,0.0,0.0,M1071019830,0.0,0.0,0,0
40,PAYMENT,14239.38,C1211355832,0.0,0.0,M170755364,0.0,0.0,0,0
40,PAYMENT,10894.29,C405416982,0.0,0.0,M348751842,0.0,0.0,0,0
40,PAYMENT,6468.61,C1111040465,0.0,0.0,M618371095,0.0,0.0,0,0
40,PAYMENT,23618.47,C1842891270,0.0,0.0,M905324232,0.0,0.0,0,0
40,PAYMENT,46759.85,C1053470222,0.0,0.0,M1177125600,0.0,0.0,0,0
40,PAYMENT,24320.12,C1762555993,0.0,0.0,M1842004950,0.0,0.0,0,0
40,PAYMENT,9372.27,C110869183,0.0,0.0,M212796942,0.0,0.0,0,0
40,PAYMENT,41217.1,C385448818,0.0,0.0,M764857864,0.0,0.0,0,0
40,PAYMENT,18366.36,C1979959111,0.0,0.0,M48771327,0.0,0.0,0,0
40,PAYMENT,5532.73,C1603791163,0.0,0.0,M1156225615,0.0,0.0,0,0
40,PAYMENT,4265.89,C742085738,0.0,0.0,M1872226010,0.0,0.0,0,0
40,PAYMENT,14969.59,C254346274,0.0,0.0,M520216426,0.0,0.0,0,0
40,PAYMENT,6844.43,C1777287396,0.0,0.0,M966711861,0.0,0.0,0,0
40,PAYMENT,1538.4,C2127679792,0.0,0.0,M1866119951,0.0,0.0,0,0
40,CASH_IN,143744.17,C2093035116,104552.0,248296.17,C747826989,0.0,0.0,0,0
40,CASH_OUT,348675.38,C868289715,1655.0,0.0,C1663827373,0.0,348675.38,0,0
40,CASH_IN,257623.12,C1139348394,71354.0,328977.12,C254081477,444624.98,187001.86,0,0
40,PAYMENT,14957.54,C2033265179,11369.0,0.0,M209111327,0.0,0.0,0,0
40,CASH_OUT,207580.96,C929691830,15221.0,0.0,C1200663767,0.0,207580.96,0,0
40,TRANSFER,36826.95,C1016519090,18223.0,0.0,C240203693,103171.53,139998.48,0,0
40,CASH_OUT,371980.83,C1283935689,14072.0,0.0,C940921906,0.0,371980.83,0,0
40,PAYMENT,26982.55,C1979927415,528263.0,501280.45,M240628041,0.0,0.0,0,0
40,PAYMENT,25151.39,C75932280,19982.0,0.0,M1914265124,0.0,0.0,0,0
40,CASH_IN,121955.3,C514714595,437.0,122392.3,C1429762669,0.0,0.0,0,0
40,PAYMENT,677.25,C767806598,122392.3,121715.05,M484912676,0.0,0.0,0,0
40,PAYMENT,1584.32,C607632354,49507.0,47922.68,M1437908596,0.0,0.0,0,0
40,CASH_OUT,77177.16,C1721823160,7884.0,0.0,C1024564205,34192.31,111369.47,0,0
40,CASH_OUT,380011.68,C1125346118,114368.0,0.0,C598304640,0.0,380011.68,0,0
40,CASH_OUT,7844.79,C1516384365,278.0,0.0,C1124926524,2286478.34,2294323.13,0,0
40,PAYMENT,2.12,C718627403,27260.0,27257.88,M1273595270,0.0,0.0,0,0
40,PAYMENT,5837.96,C335060710,27257.88,21419.92,M1481778604,0.0,0.0,0,0
40,PAYMENT,23988.62,C1502925783,65201.0,41212.38,M1582737622,0.0,0.0,0,0
40,PAYMENT,1960.61,C160301652,41212.38,39251.76,M1077422476,0.0,0.0,0,0
40,CASH_IN,14010.8,C1070415927,9929.0,23939.8,C444064493,94665.44,80654.65,0,0
40,PAYMENT,11880.17,C1412849408,23939.8,12059.63,M760441712,0.0,0.0,0,0
40,TRANSFER,739797.25,C749093663,1016.0,0.0,C477191283,1824911.53,2564708.78,0,0
40,CASH_IN,136314.85,C2042589764,198169.0,334483.85,C92525321,1974075.91,1837761.06,0,0
40,CASH_OUT,77051.86,C530054188,34186.0,0.0,C1122815711,0.0,77051.86,0,0
40,CASH_OUT,32310.15,C698948677,0.0,0.0,C873752152,246875.01,279185.16,0,0
40,TRANSFER,628579.35,C923344084,16233.0,0.0,C1499344454,0.0,628579.35,0,0
40,PAYMENT,17967.5,C891708707,0.0,0.0,M368085303,0.0,0.0,0,0
40,CASH_OUT,173464.44,C1960502520,16031.0,0.0,C946183669,434927.48,608391.92,0,0
40,CASH_OUT,126347.66,C189442315,20644.0,0.0,C1755848390,34937.96,161285.62,0,0
40,CASH_OUT,423769.15,C222546492,45713.0,0.0,C349953377,285767.62,709536.78,0,0
40,PAYMENT,17626.05,C485184402,68146.0,50519.95,M1060477395,0.0,0.0,0,0
40,CASH_OUT,209024.29,C1642692047,395.0,0.0,C1828464506,291455.77,811909.21,0,0
40,CASH_OUT,591904.41,C1919437284,749.0,0.0,C2068878003,1543811.61,2135716.01,0,0
40,CASH_OUT,103723.96,C886694904,31698.0,0.0,C954355288,254447.85,358171.81,0,0
40,PAYMENT,15345.22,C657530801,3833.0,0.0,M219945373,0.0,0.0,0,0
40,CASH_IN,296925.58,C1032541875,199010.0,495935.58,C2133424418,238541.41,0.0,0,0
40,PAYMENT,42859.16,C1186374873,70279.0,27419.84,M1775630121,0.0,0.0,0,0
40,CASH_OUT,90051.59,C82365311,10265.0,0.0,C1981254323,356922.68,446974.27,0,0
40,PAYMENT,7576.63,C1664170911,200267.0,192690.37,M273865548,0.0,0.0,0,0
40,CASH_IN,222189.6,C1450707664,54708.0,276897.6,C852426793,0.0,145192.79,0,0
40,CASH_OUT,68970.83,C344555603,579.0,0.0,C566435574,109990.0,117493.22,0,0
40,CASH_IN,237.29,C2114890910,8038.0,8275.29,C1708667989,0.0,257460.16,0,0
40,CASH_IN,150127.62,C2013302952,69181.0,219308.62,C100586129,975705.15,825577.52,0,0
40,CASH_OUT,44888.53,C1857563634,219308.62,174420.1,C1814872799,321073.31,365961.84,0,0
40,PAYMENT,11019.12,C913028462,818.0,0.0,M1024099681,0.0,0.0,0,0
40,CASH_OUT,396020.51,C1098110904,15865.0,0.0,C1155970721,54282.57,450303.08,0,0
40,PAYMENT,8727.87,C1849398239,52385.0,43657.13,M93363123,0.0,0.0,0,0
40,TRANSFER,513987.95,C1826109421,43657.13,0.0,C1933641006,586838.23,1100826.17,0,0
40,TRANSFER,96737.72,C860480473,0.0,0.0,C1156519853,142101.18,238838.9,0,0
40,TRANSFER,45215.63,C22948612,0.0,0.0,C1965341080,7150812.21,7196027.84,0,0
40,TRANSFER,740033.36,C9598367,0.0,0.0,C1651432416,6516265.16,7256298.53,0,0
40,TRANSFER,404402.2,C760761663,0.0,0.0,C1817526721,511849.46,916251.66,0,0
40,TRANSFER,131792.77,C1366500454,0.0,0.0,C1561038963,305207.96,437000.72,0,0
40,TRANSFER,340889.42,C553988935,0.0,0.0,C2077938999,4215525.64,4556415.06,0,0
40,TRANSFER,335895.34,C849908853,0.0,0.0,C1091505026,848744.23,1184639.57,0,0
40,TRANSFER,216548.98,C1576408746,0.0,0.0,C1133127166,416277.41,632826.39,0,0
40,TRANSFER,24920.0,C367941990,0.0,0.0,C722672720,1246663.14,1386553.98,0,0
40,TRANSFER,117242.58,C502910871,0.0,0.0,C473623830,172514.09,289756.67,0,0
40,TRANSFER,386925.98,C1803873121,0.0,0.0,C1455166271,591626.74,978552.72,0,0
40,TRANSFER,351783.43,C103478269,0.0,0.0,C1016981311,3590264.08,3942047.51,0,0
40,TRANSFER,2728330.97,C1634254647,0.0,0.0,C761775390,14042549.42,16770880.39,0,0
40,TRANSFER,1553190.72,C851329530,0.0,0.0,C918100626,2019546.32,4036879.35,0,0
40,TRANSFER,892486.15,C2125298479,0.0,0.0,C227318024,5409584.08,6302070.23,0,0
40,TRANSFER,1816018.52,C793365020,0.0,0.0,C1491731455,5335363.08,7151381.6,0,0
40,TRANSFER,345586.56,C201083333,0.0,0.0,C1993157272,523095.56,868682.12,0,0
40,TRANSFER,738942.96,C1267562705,0.0,0.0,C534658891,1315521.29,2054464.25,0,0
40,TRANSFER,625863.98,C1584137868,0.0,0.0,C181364982,1769790.08,2465423.81,0,0
40,TRANSFER,1733866.07,C1066675831,0.0,0.0,C287286962,5572260.31,7306126.38,0,0
40,TRANSFER,392730.37,C1448081953,0.0,0.0,C1870552029,846099.81,1238830.18,0,0
40,TRANSFER,726550.02,C1982090185,0.0,0.0,C289751605,1703228.2,2429778.22,0,0
40,TRANSFER,89126.68,C1220705255,0.0,0.0,C100359329,929123.46,1018250.15,0,0
40,CASH_OUT,289997.62,C1455100702,21530.0,0.0,C1478539558,940222.43,1230220.06,0,0
40,PAYMENT,2029.59,C2131522842,0.0,0.0,M723649329,0.0,0.0,0,0
40,CASH_IN,340345.34,C1894013169,22497.0,362842.34,C927151297,5950597.45,5610252.11,0,0
40,CASH_OUT,234059.02,C2118747664,21900.0,0.0,C2056132643,232467.22,787989.73,0,0
40,PAYMENT,17370.09,C1659996262,0.0,0.0,M1508979842,0.0,0.0,0,0
40,PAYMENT,12525.41,C184601757,0.0,0.0,M961258219,0.0,0.0,0,0
40,PAYMENT,3432.29,C1461174044,0.0,0.0,M127059032,0.0,0.0,0,0
40,PAYMENT,4399.33,C175870995,0.0,0.0,M1858286413,0.0,0.0,0,0
40,PAYMENT,10141.85,C80125654,0.0,0.0,M359082514,0.0,0.0,0,0
40,PAYMENT,281.52,C1131085729,0.0,0.0,M885319130,0.0,0.0,0,0
40,PAYMENT,1156.53,C80018874,0.0,0.0,M685731978,0.0,0.0,0,0
40,PAYMENT,7485.97,C1021056455,0.0,0.0,M791010739,0.0,0.0,0,0
40,PAYMENT,15694.38,C204459200,0.0,0.0,M1604822767,0.0,0.0,0,0
40,PAYMENT,5544.47,C59372273,0.0,0.0,M46169974,0.0,0.0,0,0
40,PAYMENT,4167.08,C1887169058,0.0,0.0,M311011868,0.0,0.0,0,0
40,PAYMENT,16042.86,C1591463110,0.0,0.0,M1600205732,0.0,0.0,0,0
40,PAYMENT,13875.99,C1894054032,0.0,0.0,M794977754,0.0,0.0,0,0
40,PAYMENT,26536.66,C794763532,0.0,0.0,M2037766992,0.0,0.0,0,0
40,PAYMENT,12257.81,C771918998,114170.0,101912.19,M309489721,0.0,0.0,0,0
40,PAYMENT,11268.7,C1148412986,101912.19,90643.48,M319527103,0.0,0.0,0,0
40,CASH_OUT,482272.89,C693620852,22334.0,0.0,C1028525999,0.0,482272.89,0,0
40,CASH_OUT,238647.38,C673550047,183.0,0.0,C1467681911,156250.93,394898.31,0,0
40,CASH_OUT,75391.86,C2007526741,0.0,0.0,C1013372564,305540.27,380932.14,0,0
40,CASH_OUT,35294.67,C950656383,8075.0,0.0,C1618128044,0.0,35294.67,0,0
40,CASH_OUT,154801.54,C795508334,30293.0,0.0,C42235632,0.0,0.0,0,0
40,PAYMENT,19437.19,C725442090,0.0,0.0,M525032669,0.0,0.0,0,0
40,CASH_IN,76638.85,C1769941102,24633.0,101271.85,C376148532,12143.0,0.0,0,0
40,PAYMENT,564.12,C362455585,13285.0,12720.88,M1419211446,0.0,0.0,0,0
40,CASH_OUT,102106.12,C301949261,20856.0,0.0,C1320394517,679013.74,781119.86,0,0
40,CASH_OUT,488534.72,C30611268,20203.0,0.0,C1107037871,0.0,488534.72,0,0
40,PAYMENT,7627.06,C1092101877,0.0,0.0,M787873442,0.0,0.0,0,0
40,CASH_OUT,224649.29,C1147799352,0.0,0.0,C472316404,3232102.58,3456751.87,0,0
40,CASH_OUT,3078.79,C1562005958,0.0,0.0,C1657183378,699224.11,471629.84,0,0
40,CASH_OUT,3367.23,C1563818782,0.0,0.0,C766834257,93955.29,97322.52,0,0
40,CASH_OUT,11460.89,C1555308276,0.0,0.0,C1155992193,286792.38,367296.2,0,0
40,CASH_OUT,151010.06,C1223922077,56668.0,0.0,C2091155682,750356.73,901366.79,0,0
40,PAYMENT,7176.08,C1206418724,61245.0,54068.92,M905417676,0.0,0.0,0,0
40,CASH_IN,320660.66,C1237874744,4700.0,325360.66,C35885890,100522.35,0.0,0,0
40,CASH_OUT,64085.04,C501442533,668029.0,603943.96,C863657166,760.03,64845.07,0,0
40,CASH_OUT,155321.77,C434513952,603943.96,448622.2,C1796700124,452217.11,607538.88,0,0
40,CASH_OUT,130112.97,C277258531,17215.0,0.0,C2118715446,341924.21,472037.17,0,0
40,CASH_OUT,133267.82,C436535987,0.0,0.0,C1892130630,170446.08,303713.9,0,0
40,PAYMENT,187.11,C476025433,11069.0,10881.89,M877661914,0.0,0.0,0,0
40,PAYMENT,9981.56,C293224138,10881.89,900.33,M593012428,0.0,0.0,0,0
40,PAYMENT,1043.83,C1140139428,900.33,0.0,M2003289566,0.0,0.0,0,0
40,PAYMENT,5952.28,C933964182,0.0,0.0,M1369671529,0.0,0.0,0,0
40,PAYMENT,2789.21,C990990588,0.0,0.0,M1913727861,0.0,0.0,0,0
40,PAYMENT,8788.09,C479746872,0.0,0.0,M1364004621,0.0,0.0,0,0
40,PAYMENT,4402.72,C1617568616,0.0,0.0,M467400339,0.0,0.0,0,0
40,PAYMENT,1184.53,C1162096459,0.0,0.0,M2085119369,0.0,0.0,0,0
40,PAYMENT,6253.83,C1300785163,0.0,0.0,M153313351,0.0,0.0,0,0
40,PAYMENT,13720.22,C1845049439,0.0,0.0,M1377991748,0.0,0.0,0,0
40,PAYMENT,842.72,C1558486587,0.0,0.0,M1314389176,0.0,0.0,0,0
40,PAYMENT,6946.38,C1791495917,0.0,0.0,M734629804,0.0,0.0,0,0
40,PAYMENT,7005.31,C1394923944,0.0,0.0,M577195336,0.0,0.0,0,0
40,PAYMENT,9448.53,C141725839,0.0,0.0,M1872878274,0.0,0.0,0,0
40,PAYMENT,16944.51,C448640775,0.0,0.0,M44610581,0.0,0.0,0,0
40,PAYMENT,25580.07,C507685415,0.0,0.0,M2144605415,0.0,0.0,0,0
40,PAYMENT,8812.23,C136741269,0.0,0.0,M1332319384,0.0,0.0,0,0
40,PAYMENT,8360.18,C1148263616,0.0,0.0,M459099013,0.0,0.0,0,0
40,PAYMENT,39352.46,C659245906,0.0,0.0,M612750967,0.0,0.0,0,0
40,PAYMENT,74624.46,C1759402299,0.0,0.0,M422454982,0.0,0.0,0,0
40,PAYMENT,7942.76,C1682108266,0.0,0.0,M1853799419,0.0,0.0,0,0
40,PAYMENT,9035.89,C1953702030,0.0,0.0,M469967056,0.0,0.0,0,0
40,PAYMENT,59428.36,C1867097477,0.0,0.0,M1953721076,0.0,0.0,0,0
40,PAYMENT,20557.08,C434721700,0.0,0.0,M485094889,0.0,0.0,0,0
40,TRANSFER,644124.08,C1051598460,4851.0,0.0,C937812081,0.0,644124.08,0,0
40,CASH_OUT,228268.33,C1374025623,47254.0,0.0,C78473810,59019.33,287287.66,0,0
40,CASH_OUT,284056.11,C46332540,0.0,0.0,C129866793,1204760.13,1488816.24,0,0
40,PAYMENT,3211.38,C1373045104,11058.0,7846.62,M532981960,0.0,0.0,0,0
40,CASH_IN,193275.78,C1642315240,50729.0,244004.78,C1217400138,1924608.52,1731332.74,0,0
40,PAYMENT,20679.99,C1961343666,11437.0,0.0,M500361695,0.0,0.0,0,0
40,CASH_OUT,507766.78,C661295173,0.0,0.0,C2103029245,798042.75,1305809.54,0,0
40,CASH_IN,66063.56,C1528460733,11787.0,77850.56,C1627446436,59133.39,0.0,0,0
40,CASH_OUT,376970.68,C308377158,108563.0,0.0,C1550147432,243836.08,620806.76,0,0
40,PAYMENT,36208.46,C418900420,14939.0,0.0,M1810672167,0.0,0.0,0,0
40,CASH_OUT,345450.28,C1666420090,112567.0,0.0,C1932713189,7318.57,352768.85,0,0
40,CASH_OUT,41358.66,C2048463888,10629.0,0.0,C234809773,1725270.61,1766629.27,0,0
40,CASH_IN,229932.75,C1569160030,27693.0,257625.75,C1659620678,1366150.21,1136217.46,0,0
40,CASH_OUT,170062.07,C1395937115,217385.0,47322.93,C294551030,0.0,170062.07,0,0
40,CASH_OUT,44584.34,C754135066,31061.0,0.0,C193026796,2417.75,202670.75,0,0
40,PAYMENT,27378.88,C511186944,0.0,0.0,M2026097946,0.0,0.0,0,0
40,PAYMENT,6748.46,C167513038,105742.0,98993.54,M1010469131,0.0,0.0,0,0
40,PAYMENT,11663.87,C1650208404,84722.0,73058.13,M68256984,0.0,0.0,0,0
40,CASH_OUT,328751.9,C1843027439,10499.0,0.0,C237658572,321982.32,650734.22,0,0
40,CASH_OUT,222677.94,C88142734,438264.0,215586.06,C1120662412,322752.89,545430.82,0,0
40,CASH_OUT,273616.85,C107693372,215586.06,0.0,C1359953204,448872.46,722489.31,0,0
40,TRANSFER,309420.37,C248784493,71874.0,0.0,C683891649,11765386.68,12074807.05,0,0
40,PAYMENT,14332.16,C828258173,0.0,0.0,M855670363,0.0,0.0,0,0
40,CASH_IN,292036.0,C1872666530,45365.0,337401.0,C1903815642,3317454.11,3025418.11,0,0
40,PAYMENT,13234.72,C1087777650,337401.0,324166.28,M7543242,0.0,0.0,0,0
40,PAYMENT,13646.26,C816926009,324166.28,310520.02,M734635778,0.0,0.0,0,0
40,PAYMENT,7202.21,C1521849522,422.0,0.0,M1116765031,0.0,0.0,0,0
40,CASH_OUT,247585.19,C2029137545,137002.0,0.0,C2069203639,0.0,247585.19,0,0
40,CASH_OUT,188900.11,C509966114,31290.0,0.0,C1914203252,170298.3,359198.41,0,0
40,CASH_IN,126358.87,C1745055832,0.0,126358.87,C1784228607,178979.42,52620.54,0,0
40,CASH_IN,539919.06,C696870268,126358.87,666277.94,C302583321,836983.68,297064.62,0,0
40,CASH_IN,154384.73,C1080459426,666277.94,820662.66,C1450213215,702214.26,821996.83,0,0
40,CASH_IN,133095.7,C1963930603,820662.66,953758.37,C1958665493,1539522.31,1406426.61,0,0
40,CASH_IN,84459.68,C108862626,953758.37,1038218.04,C732685266,3202517.32,2788592.58,0,0
40,CASH_IN,186806.31,C1690123156,1038218.04,1225024.35,C1235309746,217302.87,30496.56,0,0
40,CASH_IN,3572.1,C279626801,1225024.35,1228596.45,C1347150244,397133.13,393561.02,0,0
40,CASH_IN,18258.32,C481705380,1228596.45,1246854.77,C744487329,1030115.17,1011856.85,0,0
40,CASH_IN,193682.54,C1925233308,1246854.77,1440537.31,C2000431934,902495.11,708812.57,0,0
40,CASH_IN,270957.53,C2133610187,1440537.31,1711494.85,C833481440,968049.04,697091.51,0,0
40,CASH_IN,145248.28,C971085395,1711494.85,1856743.12,C1589771984,913039.97,767791.69,0,0
40,CASH_IN,52400.58,C345491414,1856743.12,1909143.71,C40749514,103647.38,51246.8,0,0
40,CASH_IN,199571.7,C1676974978,1909143.71,2108715.41,C984627487,588942.86,389371.16,0,0
40,CASH_IN,118386.09,C2117323553,2108715.41,2227101.49,C1413989789,430915.43,312529.34,0,0
40,CASH_IN,40970.77,C1272289722,2227101.49,2268072.26,C732527943,418206.03,377235.26,0,0
40,CASH_IN,96702.71,C1633050209,2268072.26,2364774.97,C1183988999,206123.47,109420.76,0,0
40,CASH_IN,217654.88,C641327426,2364774.97,2582429.85,C2118258112,697114.94,479460.06,0,0
40,CASH_IN,263635.03,C1186159719,2582429.85,2846064.88,C355507269,557406.93,293771.91,0,0
40,CASH_IN,178573.53,C567018818,2846064.88,3024638.41,C886118270,1247277.44,1068703.91,0,0
40,CASH_IN,210395.84,C1916465740,3024638.41,3235034.25,C1982100759,3821231.77,3610835.93,0,0
40,CASH_IN,244893.56,C459292344,3235034.25,3479927.8,C918187495,275607.38,30713.82,0,0
40,CASH_IN,47512.49,C1206651351,3479927.8,3527440.3,C417383401,119016.94,0.0,0,0
40,CASH_IN,358358.07,C105636477,3527440.3,3885798.36,C322047403,3916867.02,3718151.22,0,0
40,CASH_IN,236318.66,C591841386,3885798.36,4122117.02,C1744415723,291789.58,55470.92,0,0
40,CASH_IN,152979.13,C969516868,4122117.02,4275096.15,C1360951522,200102.81,47123.69,0,0
40,CASH_IN,12921.2,C516731675,4275096.15,4288017.35,C669983710,529582.36,516661.16,0,0
40,CASH_IN,119666.53,C1196290741,4288017.35,4407683.88,C617252870,2637570.13,2517903.6,0,0
40,CASH_IN,165704.89,C1381853102,4407683.88,4573388.77,C126844169,5325192.13,5159487.24,0,0
40,CASH_IN,71821.73,C651827494,4573388.77,4645210.5,C757359107,9981860.25,9910038.53,0,0
40,CASH_IN,356132.07,C1567957645,4645210.5,5001342.57,C1837701214,3319162.75,2963030.68,0,0
40,CASH_IN,38885.27,C1971698636,5001342.57,5040227.84,C1097970747,1029948.6,991063.33,0,0
40,CASH_IN,53030.4,C1281151685,5040227.84,5093258.24,C258011492,82514.5,0.0,0,0
40,CASH_IN,292240.28,C985260353,5093258.24,5385498.52,C1983026804,1337846.61,1045606.33,0,0
40,CASH_IN,279202.72,C1319951825,5385498.52,5664701.24,C1733791330,342052.03,62849.31,0,0
40,CASH_IN,430473.54,C372196371,5664701.24,6095174.78,C97353430,1629618.62,1199145.08,0,0
40,CASH_IN,62837.5,C1011840745,6095174.78,6158012.28,C271536551,433164.57,370327.07,0,0
40,CASH_IN,368597.18,C1233730504,6158012.28,6526609.46,C540974644,478423.82,109826.64,0,0
40,CASH_IN,124583.43,C1633891709,6526609.46,6651192.89,C59334477,1190862.54,1066279.11,0,0
40,CASH_IN,197517.91,C218163870,6651192.89,6848710.8,C387508991,250186.17,52668.26,0,0
40,CASH_IN,57903.79,C1245654505,6848710.8,6906614.59,C2035931630,2674724.43,2616820.64,0,0
40,CASH_IN,208374.18,C1256724509,6906614.59,7114988.77,C64735300,503260.66,294886.48,0,0
40,CASH_IN,32686.01,C844629216,7114988.77,7147674.78,C681279080,1016562.6,983876.6,0,0
40,PAYMENT,38967.17,C939936815,203245.0,164277.83,M191200931,0.0,0.0,0,0
40,CASH_OUT,18438.63,C21473058,32821.0,14382.37,C466880114,40102.44,58541.06,0,0
40,CASH_OUT,303961.3,C1942674670,105830.0,0.0,C975302825,7903.82,311865.12,0,0
40,PAYMENT,22650.89,C2041024908,23498.0,847.11,M1494710397,0.0,0.0,0,0
40,PAYMENT,8166.94,C1700113098,847.11,0.0,M1088239394,0.0,0.0,0,0
40,CASH_IN,77138.92,C87287108,11681.0,88819.92,C2043952317,36525.0,0.0,0,0
40,PAYMENT,42901.55,C1736814863,110181.0,67279.45,M802051279,0.0,0.0,0,0
40,CASH_OUT,296438.4,C100860467,146689.0,0.0,C1976913093,0.0,296438.4,0,0
40,CASH_IN,13752.72,C469818994,1949.0,15701.72,C797431649,0.0,0.0,0,0
40,CASH_IN,37270.42,C1455888692,69422.0,106692.42,C1738212692,4839273.0,4802002.58,0,0
40,CASH_IN,200067.17,C192038671,158229.0,358296.17,C919485800,2274384.44,2074317.27,0,0
40,CASH_OUT,346003.12,C360632008,3590.0,0.0,C1989290443,698495.1,1044498.22,0,0
40,CASH_OUT,190585.11,C261583195,3546.0,0.0,C285883867,1844495.61,2035080.71,0,0
40,CASH_OUT,491491.85,C1635239716,7036.0,0.0,C742710717,4471138.95,5346002.23,0,0
40,PAYMENT,18003.71,C2024058426,0.0,0.0,M458172264,0.0,0.0,0,0
40,PAYMENT,14468.62,C803635443,0.0,0.0,M1895247052,0.0,0.0,0,0
40,CASH_IN,52702.27,C763333014,152.0,52854.27,C685048565,2076909.24,2024206.97,0,0
40,CASH_OUT,58509.53,C1340710710,53846.0,0.0,C255027603,0.0,58509.53,0,0
40,CASH_OUT,318377.91,C1410563872,0.0,0.0,C885206493,367092.11,685470.02,0,0
40,CASH_OUT,286125.54,C491501602,0.0,0.0,C1118345555,581429.91,1162377.01,0,0
40,CASH_IN,93225.83,C1286189348,170.0,93395.83,C1330793711,0.0,0.0,0,0
40,TRANSFER,901507.61,C1329239976,31910.0,0.0,C1106632730,0.0,1004766.23,0,0
40,CASH_OUT,148385.55,C10423056,22702.0,0.0,C894268468,195192.68,343578.23,0,0
40,PAYMENT,293.61,C1079323017,0.0,0.0,M1106546742,0.0,0.0,0,0
40,PAYMENT,14688.7,C1525209207,0.0,0.0,M584556465,0.0,0.0,0,0
40,CASH_IN,169137.0,C1260909315,41830.0,210967.0,C1172072240,462587.27,435544.17,0,0
40,CASH_OUT,299884.99,C775401329,548.0,0.0,C1281482127,190138.73,820928.84,0,0
40,TRANSFER,4429.93,C838918560,0.0,0.0,C1742497104,654062.75,658492.68,0,0
40,CASH_OUT,230286.75,C741661254,260.0,0.0,C2076503028,307280.92,537567.67,0,0
40,PAYMENT,11808.25,C1493142312,53363.0,41554.75,M1260448609,0.0,0.0,0,0
40,CASH_OUT,135925.64,C2115509828,256516.0,120590.36,C355944635,0.0,135925.64,0,0
40,TRANSFER,765250.04,C1953762603,22494.0,0.0,C519182941,1709529.31,2474779.36,0,0
40,CASH_OUT,385712.2,C1349938758,0.0,0.0,C503335895,410998.01,605984.48,0,0
40,CASH_OUT,239078.83,C482471114,0.0,0.0,C602091103,1215051.63,1454130.46,0,0
40,CASH_OUT,565212.12,C571816744,1164.0,0.0,C250926493,199735.3,764947.42,0,0
40,PAYMENT,18774.18,C1994159892,21480.0,2705.82,M364590039,0.0,0.0,0,0
40,PAYMENT,4257.69,C101661206,10640.0,6382.31,M222862724,0.0,0.0,0,0
40,CASH_IN,217796.1,C406401006,1059.0,218855.1,C190800361,1836098.48,1618302.37,0,0
40,CASH_OUT,3801.54,C1414562485,63656.0,59854.46,C986327375,376302.41,380103.95,0,0
40,PAYMENT,13820.22,C728817059,188.0,0.0,M1654510068,0.0,0.0,0,0
40,TRANSFER,404478.02,C856347670,0.0,0.0,C1030358884,2660002.25,3064480.27,0,0
40,TRANSFER,728713.58,C1671413224,9021.0,0.0,C461747866,127892.9,856606.48,0,0
40,PAYMENT,18213.88,C1311767037,497323.0,479109.12,M1110541245,0.0,0.0,0,0
40,TRANSFER,246037.48,C670979465,6507.0,0.0,C307531674,0.0,246037.48,0,0
40,TRANSFER,707065.47,C965790819,586713.0,0.0,C1408762350,0.0,742784.85,0,0
40,PAYMENT,8567.85,C146877117,99057.0,90489.15,M1185115251,0.0,0.0,0,0
40,PAYMENT,19211.7,C329526067,90489.15,71277.45,M745017072,0.0,0.0,0,0
40,TRANSFER,497309.7,C771579138,17011.0,0.0,C1291270732,238364.31,790209.52,0,0
40,CASH_OUT,123634.46,C1885367354,0.0,0.0,C1303449663,283615.36,834712.72,0,0
40,CASH_IN,249852.01,C1118776502,490.0,250342.01,C1961544260,0.0,0.0,0,0
40,CASH_OUT,157586.4,C786216349,250342.01,92755.61,C1795715467,1149752.56,1307338.95,0,0
40,PAYMENT,33202.4,C1762584585,1012.0,0.0,M444352686,0.0,0.0,0,0
40,PAYMENT,29754.86,C562892235,0.0,0.0,M1781937210,0.0,0.0,0,0
40,PAYMENT,25893.9,C1961285589,16178.0,0.0,M212322527,0.0,0.0,0,0
40,CASH_OUT,242012.78,C1166897109,19811.0,0.0,C1036985417,2870478.18,3112490.96,0,0
40,CASH_OUT,59364.6,C515970234,0.0,0.0,C189987472,5884043.29,5783462.25,0,0
40,PAYMENT,941.35,C1549476040,41888.0,40946.65,M1846082220,0.0,0.0,0,0
40,CASH_OUT,227643.12,C1087755135,11158.0,0.0,C240787463,1080672.86,1308315.98,0,0
40,CASH_OUT,85382.69,C1445423899,14602.0,0.0,C1292719318,0.0,85382.69,0,0
40,PAYMENT,15136.71,C1409244279,0.0,0.0,M2055930174,0.0,0.0,0,0
40,CASH_IN,106580.97,C346778427,20254.0,126834.97,C183823425,236780.66,130199.69,0,0
40,PAYMENT,24989.62,C2042209542,15947.0,0.0,M1351373474,0.0,0.0,0,0
40,PAYMENT,531.24,C1915497340,0.0,0.0,M1032938673,0.0,0.0,0,0
40,PAYMENT,8227.02,C162817936,6480.0,0.0,M1000287558,0.0,0.0,0,0
40,CASH_OUT,124182.76,C687572610,56840.0,0.0,C877203203,456454.83,580637.6,0,0
40,PAYMENT,1954.65,C519687104,249467.0,247512.35,M878421864,0.0,0.0,0,0
40,PAYMENT,302.92,C1995196856,10970.0,10667.08,M39263857,0.0,0.0,0,0
40,PAYMENT,21940.92,C1377858096,31920.0,9979.08,M1000992763,0.0,0.0,0,0
40,CASH_OUT,6583.52,C790413503,35288.0,28704.48,C443746222,0.0,6583.52,0,0
40,PAYMENT,3552.9,C352516027,28704.48,25151.58,M1147315929,0.0,0.0,0,0
40,CASH_OUT,504496.47,C817909657,37638.0,0.0,C409447580,1171439.04,1675935.51,0,0
40,PAYMENT,17753.17,C2031118342,0.0,0.0,M2066606000,0.0,0.0,0,0
40,CASH_OUT,48503.52,C707318370,10235.0,0.0,C1712259878,406203.81,454707.33,0,0
40,PAYMENT,19128.24,C413592633,0.0,0.0,M1653401459,0.0,0.0,0,0
40,CASH_OUT,233630.24,C1988664565,290.0,0.0,C1092677971,0.0,233630.24,0,0
40,PAYMENT,23667.9,C442493828,10482.0,0.0,M901188562,0.0,0.0,0,0
40,PAYMENT,54620.14,C805684584,21781.0,0.0,M39360681,0.0,0.0,0,0
40,PAYMENT,8088.42,C1740525741,20808.0,12719.58,M1792687635,0.0,0.0,0,0
40,TRANSFER,862037.36,C1961531557,12719.58,0.0,C1251687413,1635491.53,2497528.89,0,0
40,CASH_OUT,342920.21,C850516801,11300.0,0.0,C1717909909,72999.41,415919.62,0,0
40,CASH_OUT,14827.11,C664784514,56220.0,41392.89,C1238724050,0.0,14827.11,0,0
40,CASH_IN,238729.0,C470701764,101325.0,340054.0,C41887430,0.0,0.0,0,0
40,CASH_OUT,334048.19,C1006750288,11710.0,0.0,C1853774669,0.0,334048.19,0,0
40,CASH_OUT,23045.04,C5666114,25775.0,2729.96,C1879040361,106943.55,129988.59,0,0
40,CASH_OUT,3295.29,C1508130836,9519.0,6223.71,C1009424082,776946.94,780242.23,0,0
40,CASH_OUT,211354.15,C926057882,6223.71,0.0,C193169235,1344300.72,1555654.87,0,0
40,CASH_OUT,24505.28,C89365094,19344.0,0.0,C1114312630,4583.14,29088.42,0,0
40,PAYMENT,3667.7,C907805675,0.0,0.0,M1300435420,0.0,0.0,0,0
40,CASH_OUT,284150.51,C1849574307,1909.0,0.0,C401392509,0.0,284150.51,0,0
40,CASH_IN,69691.36,C1999070376,307.0,69998.36,C1415579297,390194.67,320503.3,0,0
40,CASH_OUT,257849.85,C561128188,69998.36,0.0,C90587517,1449566.03,1707415.88,0,0
40,CASH_OUT,469622.58,C1957350143,125.0,0.0,C980655909,0.0,469622.58,0,0
40,CASH_OUT,329082.45,C1746254994,30831.0,0.0,C1137096674,1021337.69,1350420.14,0,0
40,PAYMENT,11134.93,C618366748,11447.0,312.07,M344859833,0.0,0.0,0,0
40,CASH_OUT,315727.25,C911337957,312.07,0.0,C631620501,389283.63,705010.88,0,0
40,CASH_OUT,198138.33,C1944400529,51036.0,0.0,C734469036,1454578.56,1652716.89,0,0
40,CASH_OUT,115404.12,C201242774,0.0,0.0,C1616446104,245772.71,361176.83,0,0
40,CASH_IN,132790.89,C1848700604,40811.0,173601.89,C1199213870,912802.79,780011.89,0,0
40,CASH_OUT,52504.4,C1469525086,849819.2,797314.81,C311179595,7461.48,59965.87,0,0
40,CASH_OUT,171472.14,C230485383,797314.81,625842.67,C1686875619,7255383.68,7426855.82,0,0
40,CASH_IN,583350.02,C1945689774,23446.0,606796.02,C43265927,2905561.34,2322211.32,0,0
40,PAYMENT,19163.99,C450141027,6780.0,0.0,M1959768507,0.0,0.0,0,0
40,PAYMENT,411.91,C519416432,0.0,0.0,M726469294,0.0,0.0,0,0
40,PAYMENT,21435.34,C368874279,5073.0,0.0,M473414218,0.0,0.0,0,0
40,CASH_IN,443254.02,C790766998,133082.0,576336.02,C296637875,358071.5,0.0,0,0
40,CASH_IN,402481.34,C1828274854,11412.0,413893.34,C783955150,631496.8,229015.47,0,0
40,PAYMENT,648.02,C493719989,250.0,0.0,M1017748920,0.0,0.0,0,0
40,PAYMENT,24149.94,C43581742,62414.0,38264.06,M609460137,0.0,0.0,0,0
40,CASH_OUT,42370.68,C1438794415,8918.0,0.0,C1784603895,0.0,42370.68,0,0
40,PAYMENT,12585.47,C636899826,0.0,0.0,M1873589267,0.0,0.0,0,0
40,PAYMENT,15693.84,C1471860888,0.0,0.0,M271202298,0.0,0.0,0,0
40,CASH_OUT,102628.29,C130321868,38713.0,0.0,C2007601199,0.0,102628.29,0,0
40,CASH_OUT,236365.01,C222477579,79.0,0.0,C1120980531,0.0,236365.01,0,0
40,PAYMENT,3328.29,C217944619,0.0,0.0,M1294594473,0.0,0.0,0,0
40,CASH_IN,193612.59,C1847635757,1394.0,195006.59,C1687285938,1587465.49,1393852.9,0,0
40,CASH_IN,416421.03,C1989340423,23221.0,439642.03,C239640017,0.0,0.0,0,0
40,CASH_IN,469744.71,C379471156,41957.0,511701.71,C2112157641,923572.24,453827.53,0,0
40,CASH_OUT,107063.61,C347626231,511701.71,404638.1,C636082064,834671.98,941735.59,0,0
40,CASH_OUT,385537.53,C2139805322,24351.0,0.0,C1786703650,0.0,385537.53,0,0
40,TRANSFER,445572.52,C512878249,0.0,0.0,C1555806593,2579126.44,3024698.96,0,0
40,CASH_OUT,27580.49,C2059581354,76382.0,48801.51,C593175517,126397.09,153977.58,0,0
40,PAYMENT,19898.16,C754656743,48801.51,28903.35,M90998900,0.0,0.0,0,0
40,PAYMENT,16640.79,C341410526,28903.35,12262.56,M2076772376,0.0,0.0,0,0
40,PAYMENT,4056.74,C241749659,12262.56,8205.82,M1864812554,0.0,0.0,0,0
40,PAYMENT,7683.64,C926021698,8205.82,522.18,M76267380,0.0,0.0,0,0
40,PAYMENT,3770.28,C1289729384,522.18,0.0,M367018593,0.0,0.0,0,0
40,PAYMENT,20976.45,C766204791,0.0,0.0,M1954685353,0.0,0.0,0,0
40,PAYMENT,1596.58,C1162329764,0.0,0.0,M1386417959,0.0,0.0,0,0
40,PAYMENT,8482.33,C623154919,0.0,0.0,M1078879363,0.0,0.0,0,0
40,PAYMENT,2205.11,C948191408,0.0,0.0,M1913957040,0.0,0.0,0,0
40,PAYMENT,4736.81,C1929812411,0.0,0.0,M1080004900,0.0,0.0,0,0
40,PAYMENT,1609.06,C1522845791,0.0,0.0,M223525021,0.0,0.0,0,0
40,PAYMENT,7791.19,C1247687629,0.0,0.0,M1991527699,0.0,0.0,0,0
40,PAYMENT,3211.23,C181331370,0.0,0.0,M314581566,0.0,0.0,0,0
40,PAYMENT,12169.79,C691776496,0.0,0.0,M2108929809,0.0,0.0,0,0
40,PAYMENT,11559.41,C3014328,0.0,0.0,M326102353,0.0,0.0,0,0
40,PAYMENT,29820.55,C1736417511,0.0,0.0,M118790182,0.0,0.0,0,0
40,PAYMENT,24448.28,C1747156546,0.0,0.0,M71959410,0.0,0.0,0,0
40,PAYMENT,10290.29,C514388868,0.0,0.0,M1037995487,0.0,0.0,0,0
40,CASH_IN,80059.36,C1325147464,70835.0,150894.36,C1659302728,66783.75,0.0,0,0
40,CASH_IN,100337.06,C444198518,20294.0,120631.06,C646235454,29322.55,0.0,0,0
40,CASH_OUT,225230.06,C1125390958,9964.0,0.0,C1221120250,1923989.67,2590489.87,0,0
40,CASH_OUT,125741.32,C183355302,1262.0,0.0,C630156188,482808.47,608549.79,0,0
40,PAYMENT,1940.99,C630482390,0.0,0.0,M1892365644,0.0,0.0,0,0
40,PAYMENT,5832.53,C326080081,3975.0,0.0,M2002498413,0.0,0.0,0,0
40,CASH_IN,245391.6,C1902625413,40233.0,285624.6,C1666165869,1062772.28,817380.67,0,0
40,TRANSFER,989215.76,C1479538864,58353.0,0.0,C242098473,2774889.45,3764105.21,0,0
40,CASH_OUT,50458.23,C933048570,0.0,0.0,C1254837085,259081.5,309539.73,0,0
40,CASH_OUT,424459.33,C494349759,205829.0,0.0,C285811975,443822.31,868281.64,0,0
40,CASH_OUT,161640.5,C1380693886,154776.44,0.0,C1215098763,0.0,161640.5,0,0
40,PAYMENT,24859.1,C1971728383,0.0,0.0,M725801813,0.0,0.0,0,0
40,CASH_OUT,188007.26,C268173655,413.0,0.0,C1220410136,0.0,188007.26,0,0
40,CASH_IN,215751.25,C243601,0.0,215751.25,C762290017,2690264.34,2474513.09,0,0
40,CASH_IN,113596.64,C1153341881,50104.0,163700.64,C433080443,2410710.73,2297114.09,0,0
40,CASH_OUT,550465.05,C2040232456,163700.64,0.0,C1772320500,639539.95,1190005.0,0,0
40,CASH_OUT,223045.01,C377629397,41680.0,0.0,C504970703,114829.84,337874.85,0,0
40,PAYMENT,8434.06,C186689707,64450.0,56015.94,M1004768039,0.0,0.0,0,0
40,CASH_IN,377015.17,C428535145,56015.94,433031.11,C1519804860,2890367.68,2513352.52,0,0
40,CASH_IN,16682.83,C509192207,433031.11,449713.94,C680053250,86917.39,70234.56,0,0
40,CASH_IN,75951.92,C271724191,449713.94,525665.86,C984571080,121622.62,45670.69,0,0
40,CASH_IN,91896.96,C925840653,525665.86,617562.82,C1263326240,9692445.85,9600548.9,0,0
40,CASH_IN,181039.17,C2030073636,617562.82,798601.99,C14057327,2177033.48,1995994.31,0,0
40,CASH_IN,12151.65,C709534171,798601.99,810753.64,C808155702,4390514.91,4704783.46,0,0
40,CASH_IN,38094.32,C722281691,810753.64,848847.96,C1866543162,161919.03,123824.71,0,0
40,CASH_IN,17520.11,C1707404266,848847.96,866368.07,C1937524794,83409.55,65889.44,0,0
40,CASH_IN,6040.82,C528947489,866368.07,872408.88,C1675524989,3638027.43,3631986.61,0,0
40,CASH_IN,41234.19,C1614554995,872408.88,913643.07,C1050748835,382540.08,341305.89,0,0
40,CASH_IN,119411.06,C584445011,913643.07,1033054.14,C575521349,268541.43,149130.37,0,0
40,CASH_IN,40632.23,C1619839064,1033054.14,1073686.37,C1018316924,265298.35,224666.12,0,0
40,CASH_IN,272949.84,C1206225785,1073686.37,1346636.21,C80718338,473054.83,200104.99,0,0
40,CASH_IN,41183.23,C1189292873,1346636.21,1387819.44,C782828476,61384.94,20201.71,0,0
40,CASH_IN,101969.39,C1272574130,1387819.44,1489788.82,C726837848,1976638.56,1874669.18,0,0
40,CASH_IN,241029.41,C1301364633,1489788.82,1730818.23,C811465240,4150504.71,3909475.3,0,0
40,CASH_IN,74774.77,C650435345,1730818.23,1805593.01,C1425850471,4154434.43,4079659.66,0,0
40,CASH_IN,86581.01,C2040661475,1805593.01,1892174.02,C1286396320,282207.37,195626.36,0,0
40,CASH_IN,266507.09,C2105157125,1892174.02,2158681.11,C231012766,510971.88,244464.79,0,0
40,CASH_IN,587134.51,C961786820,2158681.11,2745815.62,C78289280,1735125.07,1624473.25,0,0
40,CASH_IN,117589.79,C961543084,2745815.62,2863405.4,C2054998044,118980.59,1390.81,0,0
40,CASH_IN,130734.67,C1345023099,2374.0,133108.67,C989193820,1955273.73,1824539.07,0,0
40,CASH_OUT,35855.89,C2093822581,133108.67,97252.77,C1605604220,106653.02,142508.91,0,0
40,CASH_IN,512653.07,C1487168443,274575.0,787228.07,C1542738347,0.0,0.0,0,0
40,CASH_IN,106214.35,C510685592,84219.0,190433.35,C765127181,0.0,0.0,0,0
40,CASH_OUT,169997.89,C364093081,11548.0,0.0,C384313945,5981.11,175979.0,0,0
40,CASH_OUT,345014.18,C16275648,0.0,0.0,C2019496308,939656.73,1284670.91,0,0
40,PAYMENT,9611.79,C2075810527,3513.0,0.0,M1717241985,0.0,0.0,0,0
40,TRANSFER,1174914.04,C1872037253,0.0,0.0,C30693190,1929780.58,3104694.62,0,0
40,TRANSFER,1246882.66,C761884399,0.0,0.0,C833566031,1717379.47,2964262.12,0,0
40,TRANSFER,436897.02,C70038847,0.0,0.0,C1575114127,8851369.4,9288266.42,0,0
40,TRANSFER,65448.43,C973978171,0.0,0.0,C555461410,5081459.1,5146907.53,0,0
40,TRANSFER,166695.93,C2104703442,0.0,0.0,C1317879563,7886737.5,8053433.42,0,0
40,TRANSFER,241352.08,C462110341,0.0,0.0,C1461081892,845429.79,1086781.87,0,0
40,TRANSFER,313893.12,C2062542214,0.0,0.0,C416853865,927804.86,1241697.98,0,0
40,TRANSFER,733865.07,C769938562,0.0,0.0,C1950600438,1604543.16,2338408.23,0,0
40,TRANSFER,290540.27,C1237144901,0.0,0.0,C1713136334,655109.26,945649.54,0,0
40,TRANSFER,338095.28,C184563169,0.0,0.0,C1201202189,1417657.46,1755752.75,0,0
40,TRANSFER,85031.98,C247870162,0.0,0.0,C1356054329,3403674.82,3488706.8,0,0
40,TRANSFER,200601.62,C17377228,0.0,0.0,C1105899650,829212.97,1029814.59,0,0
40,TRANSFER,2008298.03,C582831573,0.0,0.0,C1873831225,2619588.55,4627886.58,0,0
40,TRANSFER,4394367.74,C681102174,0.0,0.0,C1013959080,10119285.45,14321628.28,0,0
40,TRANSFER,770654.97,C393690173,0.0,0.0,C1045308594,8896137.29,9844693.26,0,0
40,TRANSFER,702970.9,C1594383960,0.0,0.0,C1137952620,12839565.13,13542536.03,0,0
40,TRANSFER,231779.55,C395539337,0.0,0.0,C72737090,256429.26,488208.81,0,0
40,TRANSFER,1396999.63,C2042599454,0.0,0.0,C758487437,1704841.2,3101840.84,0,0
40,TRANSFER,178687.13,C1460131264,0.0,0.0,C1433004615,1157009.89,1335697.01,0,0
40,TRANSFER,1183631.21,C1247853542,0.0,0.0,C922466825,4323251.16,5627055.8,0,0
40,TRANSFER,363258.2,C1180931608,79241.0,0.0,C1065867219,502630.47,933311.4,0,0
40,TRANSFER,177205.95,C1134139810,10948.0,0.0,C2082214061,146728.86,323934.81,0,0
40,CASH_OUT,212812.96,C710536644,0.0,0.0,C490467898,1780740.69,1993553.65,0,0
40,PAYMENT,9803.58,C1697242338,69632.0,59828.42,M1059079433,0.0,0.0,0,0
40,CASH_IN,197602.23,C821796806,117178.0,314780.23,C467089211,1943107.34,1745505.11,0,0
40,PAYMENT,34144.87,C1428779984,31161.0,0.0,M2118941531,0.0,0.0,0,0
40,CASH_IN,22116.74,C1132028310,60639.0,82755.74,C2024025338,0.0,0.0,0,0
40,CASH_OUT,40073.82,C789631888,90304.0,50230.18,C1667305400,30431.06,70504.88,0,0
40,PAYMENT,2318.43,C834241105,50230.18,47911.74,M749904286,0.0,0.0,0,0
40,PAYMENT,18157.42,C617545807,47911.74,29754.32,M225106709,0.0,0.0,0,0
40,CASH_OUT,52487.63,C1891400675,0.0,0.0,C1023771377,771823.34,824310.97,0,0
40,PAYMENT,622.04,C1237031483,0.0,0.0,M355087931,0.0,0.0,0,0
40,PAYMENT,18384.24,C1321461240,0.0,0.0,M1563688096,0.0,0.0,0,0
40,PAYMENT,20565.33,C1212997503,0.0,0.0,M202613667,0.0,0.0,0,0
40,PAYMENT,1765.66,C1563327484,0.0,0.0,M523917829,0.0,0.0,0,0
40,PAYMENT,4079.44,C832821690,0.0,0.0,M549223062,0.0,0.0,0,0
40,PAYMENT,1391.15,C241370342,0.0,0.0,M1136954717,0.0,0.0,0,0
40,PAYMENT,10057.89,C1812329110,0.0,0.0,M791567690,0.0,0.0,0,0
40,PAYMENT,5313.48,C972826749,0.0,0.0,M1588982906,0.0,0.0,0,0
40,PAYMENT,3455.03,C493300856,0.0,0.0,M1090446995,0.0,0.0,0,0
40,PAYMENT,3009.09,C404328753,0.0,0.0,M1778294892,0.0,0.0,0,0
40,PAYMENT,1131.72,C1306416583,0.0,0.0,M2057566353,0.0,0.0,0,0
40,PAYMENT,4692.94,C786923245,0.0,0.0,M839276189,0.0,0.0,0,0
40,PAYMENT,7286.21,C222911863,0.0,0.0,M1749769023,0.0,0.0,0,0
40,PAYMENT,8393.92,C2110669005,0.0,0.0,M2113684311,0.0,0.0,0,0
40,PAYMENT,15237.75,C983112570,0.0,0.0,M146353589,0.0,0.0,0,0
40,CASH_OUT,157004.32,C125754439,10166.0,0.0,C1955167222,291825.71,448830.03,0,0
40,PAYMENT,683.17,C411554052,10681.0,9997.83,M1782008741,0.0,0.0,0,0
40,PAYMENT,12403.79,C732043219,77441.0,65037.21,M1515153924,0.0,0.0,0,0
40,TRANSFER,1315038.12,C2095488952,62.0,0.0,C260678229,900658.99,2215697.11,0,0
40,PAYMENT,10192.32,C744262114,612168.0,601975.68,M393944885,0.0,0.0,0,0
40,PAYMENT,3692.7,C910510228,601975.68,598282.98,M2123762363,0.0,0.0,0,0
40,CASH_OUT,254583.63,C911056658,188.0,0.0,C1643063112,0.0,254583.63,0,0
40,CASH_OUT,86229.55,C2030087257,44479.0,0.0,C1571725651,296825.5,383055.05,0,0
40,PAYMENT,36621.39,C1696422405,100531.0,63909.61,M730879951,0.0,0.0,0,0
40,PAYMENT,10107.55,C1904212128,6149.0,0.0,M232906930,0.0,0.0,0,0
40,CASH_OUT,10227.34,C35872377,48224.0,37996.66,C1560836207,1396172.15,1565315.52,0,0
40,PAYMENT,21769.14,C723804125,23730.0,1960.86,M630200545,0.0,0.0,0,0
40,PAYMENT,17449.97,C662079633,144964.0,127514.03,M1069468304,0.0,0.0,0,0
40,TRANSFER,4370.33,C913154061,27724.0,23353.67,C767968917,0.0,4370.33,0,0
40,CASH_OUT,240125.35,C329244977,2447.0,0.0,C131817181,7625076.41,7865201.76,0,0
40,PAYMENT,5154.81,C4112851,0.0,0.0,M1226662158,0.0,0.0,0,0
40,PAYMENT,3849.69,C304864744,0.0,0.0,M2127638773,0.0,0.0,0,0
40,CASH_OUT,93641.17,C135743141,4074.0,0.0,C579169388,0.0,93641.17,0,0
40,CASH_OUT,214019.24,C706757560,0.0,0.0,C461160828,1845816.73,2059835.97,0,0
40,TRANSFER,1237847.65,C1713905545,180422.0,0.0,C276896009,606587.49,1844435.15,0,0
40,CASH_IN,167845.41,C285855009,72872.0,240717.41,C1468805415,32414.37,0.0,0,0
40,PAYMENT,6881.28,C597267403,240717.41,233836.13,M193735043,0.0,0.0,0,0
40,CASH_OUT,58052.33,C771664684,54552.0,0.0,C318939957,326876.38,384928.72,0,0
40,CASH_OUT,138496.87,C1916869495,14616.0,0.0,C702838148,0.0,138496.87,0,0
40,CASH_OUT,82458.46,C497670463,20300.0,0.0,C73698657,0.0,82458.46,0,0
40,CASH_OUT,244079.2,C1996700472,0.0,0.0,C7347113,1855815.91,2099895.11,0,0
40,PAYMENT,29810.87,C805062975,57309.0,27498.13,M1427924244,0.0,0.0,0,0
40,CASH_OUT,373500.29,C112148137,27498.13,0.0,C414958387,2148002.86,2521503.15,0,0
40,PAYMENT,7528.99,C1754996671,10664.0,3135.01,M627246626,0.0,0.0,0,0
40,PAYMENT,5654.31,C325182303,3135.01,0.0,M1816452588,0.0,0.0,0,0
40,TRANSFER,442190.07,C1544700220,1341.0,0.0,C1999357730,86293.89,528483.96,0,0
40,CASH_OUT,7679.33,C1643978378,178960.83,171281.49,C2097085503,201963.0,551872.77,0,0
40,CASH_OUT,53788.28,C2098885361,171281.49,117493.22,C1578776001,221885.8,275674.08,0,0
40,CASH_OUT,247267.29,C930839299,42134.0,0.0,C80361763,2670517.6,2917784.9,0,0
40,CASH_OUT,102171.14,C2033108849,9052.0,0.0,C413549068,0.0,102171.14,0,0
40,CASH_OUT,264549.45,C1890488208,496619.0,232069.55,C559897115,0.0,264549.45,0,0
40,CASH_OUT,144324.91,C1577969294,272589.39,128264.47,C171474212,0.0,144324.91,0,0
40,PAYMENT,1702.47,C843201839,128264.47,126562.0,M1029202265,0.0,0.0,0,0
40,PAYMENT,6732.43,C957266797,126562.0,119829.57,M143000404,0.0,0.0,0,0
40,PAYMENT,14430.12,C722398254,119829.57,105399.45,M1436684991,0.0,0.0,0,0
40,PAYMENT,9364.37,C431689397,105399.45,96035.08,M555692661,0.0,0.0,0,0
40,PAYMENT,9670.51,C2100086244,96035.08,86364.57,M954078996,0.0,0.0,0,0
40,PAYMENT,3696.81,C2043766812,86364.57,82667.76,M562393545,0.0,0.0,0,0
40,PAYMENT,1407.35,C983401464,82667.76,81260.41,M1924351240,0.0,0.0,0,0
40,PAYMENT,6010.07,C13648586,81260.41,75250.34,M173109280,0.0,0.0,0,0
40,PAYMENT,3350.16,C1552261329,75250.34,71900.18,M880158028,0.0,0.0,0,0
40,PAYMENT,7257.96,C909305626,71900.18,64642.22,M937640332,0.0,0.0,0,0
40,PAYMENT,7882.5,C1183968393,64642.22,56759.72,M1137241426,0.0,0.0,0,0
40,PAYMENT,9811.66,C1650706438,56759.72,46948.06,M1335954151,0.0,0.0,0,0
40,PAYMENT,5673.85,C102584894,46948.06,41274.21,M37457362,0.0,0.0,0,0
40,PAYMENT,13131.23,C2120500843,41274.21,28142.98,M970300786,0.0,0.0,0,0
40,CASH_IN,109159.04,C1437967572,21014.0,130173.04,C552300434,0.0,0.0,0,0
40,TRANSFER,1004582.66,C197060269,30233.0,0.0,C1080593804,2880385.15,3884967.81,0,0
40,CASH_OUT,184554.39,C1463135919,749.0,0.0,C2003460803,0.0,289482.91,0,0
40,CASH_OUT,227156.78,C1109296950,202217.0,0.0,C889939012,733596.18,960752.96,0,0
40,TRANSFER,76030.21,C980748453,0.0,0.0,C979778117,4289941.36,4365971.57,0,0
40,CASH_OUT,490685.03,C1174538952,18089.0,0.0,C887794689,236783.49,727468.52,0,0
40,PAYMENT,18522.75,C1010336881,0.0,0.0,M170492919,0.0,0.0,0,0
40,CASH_OUT,146861.83,C411796023,100067.0,0.0,C1495704488,57190.09,204051.93,0,0
40,CASH_IN,236805.67,C1309253540,9962.0,246767.67,C1532375288,251611.71,14806.04,0,0
40,CASH_OUT,228465.25,C912953624,104827.0,0.0,C285368974,0.0,228465.25,0,0
40,PAYMENT,9408.78,C1889176089,0.0,0.0,M876880903,0.0,0.0,0,0
40,CASH_OUT,308665.68,C909273492,14747.0,0.0,C610931791,136091.39,444757.07,0,0
40,CASH_OUT,107076.89,C1412615195,2325.0,0.0,C1797089712,0.0,107076.89,0,0
40,CASH_OUT,55184.9,C1885097670,864.0,0.0,C1292874219,0.0,55184.9,0,0
40,CASH_OUT,228416.06,C1697458390,39786.0,0.0,C1108189619,489490.44,717906.5,0,0
40,CASH_IN,248590.5,C1081508654,485.0,249075.5,C1868597838,535643.07,287052.57,0,0
40,CASH_OUT,223513.77,C48684335,61132.0,0.0,C197766491,1200308.68,1144135.41,0,0
40,CASH_OUT,28932.12,C283019723,0.0,0.0,C703976121,10785031.36,10813963.48,0,0
40,CASH_IN,40810.08,C473528478,15906.0,56716.08,C77662824,0.0,0.0,0,0
40,CASH_IN,143891.59,C1747122116,50911.0,194802.59,C110556224,14265.44,0.0,0,0
40,PAYMENT,16156.59,C1545158730,104194.0,88037.41,M946674387,0.0,0.0,0,0
40,CASH_OUT,105537.11,C1875339464,19998.0,0.0,C932239325,938.9,106476.01,0,0
40,PAYMENT,10137.69,C279195171,0.0,0.0,M111753069,0.0,0.0,0,0
40,CASH_OUT,166395.95,C1447173865,10604.0,0.0,C1326695478,310838.22,477234.17,0,0
40,CASH_OUT,250288.66,C43494849,79437.0,0.0,C1110165868,0.0,250288.66,0,0
40,CASH_OUT,104928.52,C871587462,0.0,0.0,C2003460803,184554.39,289482.91,0,0
40,CASH_OUT,152580.01,C2083395018,39331.0,0.0,C130443919,56255.63,230395.64,0,0
40,CASH_OUT,43309.03,C979233264,142941.0,99631.97,C2104244529,310396.34,353705.37,0,0
40,PAYMENT,12634.98,C94089951,99631.97,86996.99,M741727108,0.0,0.0,0,0
40,PAYMENT,7413.63,C540609421,430.0,0.0,M1979610131,0.0,0.0,0,0
40,CASH_OUT,22393.69,C757804345,92299.0,69905.31,C932751803,289728.51,312122.2,0,0
40,CASH_OUT,252189.01,C801127139,50766.0,0.0,C2127741470,3841784.42,4093973.43,0,0
40,CASH_IN,321435.47,C1196243445,33278.0,354713.47,C133742490,356293.81,34858.34,0,0
40,PAYMENT,325.59,C1091933155,0.0,0.0,M891497501,0.0,0.0,0,0
40,PAYMENT,17571.08,C454692728,0.0,0.0,M892735359,0.0,0.0,0,0
40,PAYMENT,16195.81,C1490094257,0.0,0.0,M1950254194,0.0,0.0,0,0
40,CASH_OUT,89580.96,C1058288706,21141.0,0.0,C1768556773,1446004.4,1535585.36,0,0
40,CASH_OUT,67355.58,C987535656,17301.0,0.0,C465207518,35523.34,102878.92,0,0
40,CASH_OUT,276888.54,C1788381762,85490.0,0.0,C368017689,0.0,279982.44,0,0
40,CASH_OUT,122833.93,C1787141751,118983.0,0.0,C592966207,0.0,122833.93,0,0
40,PAYMENT,33263.55,C1949110593,0.0,0.0,M719766325,0.0,0.0,0,0
40,CASH_IN,363929.15,C67278513,123543.0,487472.15,C759924395,0.0,0.0,0,0
40,CASH_OUT,140010.94,C1119012448,21430.0,0.0,C511783638,603946.05,743956.99,0,0
40,CASH_IN,7820.98,C1586061422,1137849.4,1145670.38,C1960923661,658366.83,0.0,0,0
40,TRANSFER,872056.45,C1114308577,1145670.38,273613.93,C1335427656,5677347.61,6549404.06,0,0
40,TRANSFER,581430.21,C1389190659,273613.93,0.0,C430848279,1950772.35,2532202.57,0,0
40,PAYMENT,3013.51,C102241276,6083.0,3069.49,M327649601,0.0,0.0,0,0
40,CASH_OUT,334130.36,C101181735,350.0,0.0,C480040137,1862899.18,2197029.55,0,0
40,CASH_IN,113838.48,C1040356002,145.0,113983.48,C1376387431,2220797.28,2106958.79,0,0
40,CASH_OUT,133543.7,C2017714541,53672.0,0.0,C2090579236,332769.18,466312.88,0,0
40,PAYMENT,10781.04,C1470214821,0.0,0.0,M1859532711,0.0,0.0,0,0
40,CASH_IN,114782.91,C1147879261,43150.0,157932.91,C1574325665,1831632.97,1716850.06,0,0
40,TRANSFER,253242.06,C600106548,62973.0,0.0,C660655949,0.0,253242.06,0,0
40,CASH_OUT,223345.81,C2032815219,1225.0,0.0,C1420356843,5007953.13,5231298.94,0,0
40,CASH_OUT,266208.09,C639514622,25437.0,0.0,C1405933410,0.0,143456.44,0,0
40,PAYMENT,3456.71,C991061431,0.0,0.0,M1071894951,0.0,0.0,0,0
40,PAYMENT,12003.51,C335629308,1033.0,0.0,M1140277061,0.0,0.0,0,0
40,PAYMENT,19621.82,C1801504081,51804.0,32182.18,M1244614515,0.0,0.0,0,0
40,CASH_OUT,175683.17,C1424995169,6143.0,0.0,C649604790,113327.69,289010.86,0,0
40,TRANSFER,8495.58,C781759406,0.0,0.0,C1685203334,76049.88,84545.46,0,0
40,CASH_OUT,139639.73,C1136632161,138189.0,0.0,C1103874943,37481.49,177121.22,0,0
40,CASH_OUT,137137.75,C1943747250,203.0,0.0,C1218773958,0.0,137137.75,0,0
40,PAYMENT,4140.99,C1510402835,10081.0,5940.01,M828909118,0.0,0.0,0,0
40,PAYMENT,7732.97,C266485211,5940.01,0.0,M633772095,0.0,0.0,0,0
40,PAYMENT,12390.95,C1224061415,0.0,0.0,M953956113,0.0,0.0,0,0
40,PAYMENT,15155.55,C651090228,0.0,0.0,M936950450,0.0,0.0,0,0
40,PAYMENT,2407.44,C1380405031,0.0,0.0,M200969921,0.0,0.0,0,0
40,PAYMENT,9263.46,C1538126323,0.0,0.0,M693296414,0.0,0.0,0,0
40,PAYMENT,5507.47,C1099202916,0.0,0.0,M517440275,0.0,0.0,0,0
40,PAYMENT,14264.55,C717347667,0.0,0.0,M356800824,0.0,0.0,0,0
40,PAYMENT,5734.96,C1890477397,0.0,0.0,M1380167496,0.0,0.0,0,0
40,PAYMENT,4166.57,C1996287248,0.0,0.0,M1103558510,0.0,0.0,0,0
40,PAYMENT,10831.47,C1119987406,0.0,0.0,M221739057,0.0,0.0,0,0
40,PAYMENT,6443.57,C473075946,0.0,0.0,M1790536069,0.0,0.0,0,0
40,PAYMENT,7495.95,C620844490,0.0,0.0,M331433899,0.0,0.0,0,0
40,PAYMENT,6231.93,C469508345,0.0,0.0,M975738690,0.0,0.0,0,0
40,PAYMENT,10019.1,C354958024,0.0,0.0,M206425049,0.0,0.0,0,0
40,PAYMENT,24791.61,C1984747841,0.0,0.0,M144757325,0.0,0.0,0,0
40,PAYMENT,8241.2,C1552566251,0.0,0.0,M1056660640,0.0,0.0,0,0
40,PAYMENT,13389.57,C787287279,0.0,0.0,M542216645,0.0,0.0,0,0
40,PAYMENT,31036.49,C787103547,0.0,0.0,M1242593306,0.0,0.0,0,0
40,PAYMENT,9058.76,C207396803,0.0,0.0,M540014644,0.0,0.0,0,0
40,PAYMENT,5417.62,C1598232813,39623.0,34205.38,M383417271,0.0,0.0,0,0
40,CASH_OUT,57222.61,C2123385896,353995.0,296772.39,C1912291084,713908.78,780010.25,0,0
40,CASH_IN,187872.69,C564262294,36795.0,224667.69,C887691188,0.0,0.0,0,0
40,CASH_OUT,216112.13,C1726092607,695.0,0.0,C892077157,0.0,3075.82,0,0
40,CASH_OUT,75311.28,C597745047,25754.0,0.0,C1634756800,129511.2,204822.47,0,0
40,PAYMENT,1163.56,C1605182663,6173.0,5009.44,M1896773601,0.0,0.0,0,0
40,TRANSFER,383230.82,C120839954,5009.44,0.0,C427263719,746648.55,1229097.33,0,0
40,TRANSFER,153680.28,C576386566,0.0,0.0,C299112962,180860.89,476874.6,0,0
40,TRANSFER,500807.25,C342320534,0.0,0.0,C1733732197,718986.38,1219793.63,0,0
40,TRANSFER,250828.89,C383039876,0.0,0.0,C46587940,5881140.4,6046039.89,0,0
40,TRANSFER,213062.9,C260452099,0.0,0.0,C1576105753,319110.93,532173.83,0,0
40,TRANSFER,227937.11,C2056847923,0.0,0.0,C1221120250,2149219.73,2590489.87,0,0
40,TRANSFER,292088.1,C1434288931,0.0,0.0,C1635907255,458932.75,751020.86,0,0
40,TRANSFER,357398.84,C1716914321,0.0,0.0,C493825891,1699425.62,2056824.46,0,0
40,TRANSFER,187271.14,C1486277999,0.0,0.0,C2107963144,479581.07,666852.2,0,0
40,TRANSFER,238035.17,C1781322964,0.0,0.0,C56074101,9453485.6,9691520.76,0,0
40,TRANSFER,174872.32,C1408312873,0.0,0.0,C1600172289,5344068.99,5518941.31,0,0
40,TRANSFER,75290.58,C87404102,0.0,0.0,C1220560159,105355.0,153980.88,0,0
40,TRANSFER,326915.71,C1797711418,0.0,0.0,C1723447103,1885270.44,2212186.15,0,0
40,TRANSFER,110124.65,C1738540542,0.0,0.0,C1661425323,1771507.57,1881632.22,0,0
40,TRANSFER,423663.61,C1027258189,0.0,0.0,C1990582553,775989.45,1199653.05,0,0
40,TRANSFER,899228.4,C366311730,0.0,0.0,C1680327614,985043.75,1884272.15,0,0
40,CASH_OUT,34793.2,C1226726020,160313.0,125519.8,C358216710,313738.67,348531.87,0,0
40,PAYMENT,8919.2,C779499948,125519.8,116600.6,M1184785392,0.0,0.0,0,0
40,PAYMENT,16812.0,C2017238776,42088.0,25276.0,M1137520897,0.0,0.0,0,0
40,CASH_OUT,47611.44,C1558825869,22292.0,0.0,C1685956368,2206089.86,2253701.31,0,0
40,CASH_OUT,135188.31,C1776132611,21682.0,0.0,C810116826,0.0,135188.31,0,0
40,CASH_OUT,164563.26,C1963600542,31340.0,0.0,C1543635842,1358757.81,1523321.07,0,0
40,PAYMENT,1086.04,C1608861703,255544.0,254457.96,M1296192981,0.0,0.0,0,0
40,DEBIT,2824.57,C1233857476,298083.0,295258.43,C1245552935,1025023.03,1027847.6,0,0
40,PAYMENT,8493.33,C1836164785,295258.43,286765.11,M413232744,0.0,0.0,0,0
40,PAYMENT,28073.24,C1192389716,286765.11,258691.87,M1473751673,0.0,0.0,0,0
40,PAYMENT,16882.26,C938727964,258691.87,241809.6,M615657636,0.0,0.0,0,0
40,PAYMENT,12554.19,C1888913578,241809.6,229255.42,M444096675,0.0,0.0,0,0
40,PAYMENT,14414.27,C863140554,229255.42,214841.14,M116415248,0.0,0.0,0,0
40,PAYMENT,7976.87,C1122451644,214841.14,206864.28,M457395515,0.0,0.0,0,0
40,TRANSFER,1139989.17,C994562227,9454.0,0.0,C554381462,0.0,1139989.17,0,0
40,PAYMENT,17830.36,C1063986192,0.0,0.0,M1207001569,0.0,0.0,0,0
40,CASH_OUT,422038.05,C1180358321,136805.0,0.0,C1098375105,197489.0,0.0,0,0
40,DEBIT,2442.99,C1134380161,1609.0,0.0,C654652913,16324.09,18767.08,0,0
40,CASH_OUT,277588.88,C632337222,32700.0,0.0,C1276892569,7042281.0,7513548.48,0,0
40,PAYMENT,8990.03,C1770139768,0.0,0.0,M2038271143,0.0,0.0,0,0
40,DEBIT,5081.81,C1357739589,85071.0,79989.19,C1502300218,70695.41,75777.22,0,0
40,PAYMENT,25222.57,C1894241693,40367.0,15144.43,M144583177,0.0,0.0,0,0
40,CASH_OUT,92071.15,C487819017,15144.43,0.0,C252719878,1553713.61,1645784.75,0,0
40,CASH_OUT,519802.41,C645371312,425386.72,0.0,C746141519,3993246.61,4513049.02,0,0
40,PAYMENT,7630.4,C1752365022,0.0,0.0,M289752763,0.0,0.0,0,0
40,PAYMENT,5416.59,C275750997,0.0,0.0,M179269117,0.0,0.0,0,0
40,PAYMENT,19400.03,C1964812145,0.0,0.0,M1314342903,0.0,0.0,0,0
40,PAYMENT,943.29,C592915296,0.0,0.0,M1390832242,0.0,0.0,0,0
40,PAYMENT,5182.9,C1112631408,0.0,0.0,M919463730,0.0,0.0,0,0
40,PAYMENT,6275.6,C744212128,0.0,0.0,M1301257379,0.0,0.0,0,0
40,PAYMENT,1448.88,C81035146,0.0,0.0,M1568271445,0.0,0.0,0,0
40,PAYMENT,5372.04,C795172764,0.0,0.0,M515810391,0.0,0.0,0,0
40,PAYMENT,3616.17,C967942181,0.0,0.0,M733542402,0.0,0.0,0,0
40,CASH_OUT,5699.18,C782555990,1527.0,0.0,C1318169491,0.0,5699.18,0,0
40,CASH_IN,211625.85,C1171476169,155719.0,367344.85,C396246892,0.0,0.0,0,0
40,PAYMENT,12730.78,C1909948126,367344.85,354614.07,M490991630,0.0,0.0,0,0
40,CASH_IN,69284.88,C364242587,10430.0,79714.88,C1799622150,0.0,0.0,0,0
40,PAYMENT,18642.46,C1255102434,5013.0,0.0,M10809835,0.0,0.0,0,0
40,CASH_OUT,507116.02,C40219249,0.0,0.0,C27437669,1829487.67,2336603.69,0,0
40,TRANSFER,293862.49,C954076568,283101.0,0.0,C1891129615,0.0,293862.49,0,0
40,CASH_OUT,223046.7,C144588070,51169.0,0.0,C1423756812,1882151.98,2105198.69,0,0
40,PAYMENT,14073.57,C798146167,0.0,0.0,M4945870,0.0,0.0,0,0
40,CASH_OUT,370431.28,C1211173010,31944.0,0.0,C541123318,0.0,370431.28,0,0
40,CASH_OUT,156829.07,C834628543,1500.0,0.0,C16115738,21572.0,62455.78,0,0
40,PAYMENT,13874.1,C191105785,0.0,0.0,M1355475292,0.0,0.0,0,0
40,PAYMENT,11532.4,C285154895,217.0,0.0,M1524071804,0.0,0.0,0,0
40,PAYMENT,14491.22,C1901037341,95776.0,81284.78,M1984434273,0.0,0.0,0,0
40,CASH_IN,417648.28,C506295681,51570.0,469218.28,C1203422812,331744.48,0.0,0,0
40,PAYMENT,7559.44,C2146490277,39506.0,31946.56,M1913311273,0.0,0.0,0,0
40,PAYMENT,19385.52,C1157041425,11284.0,0.0,M822344051,0.0,0.0,0,0
40,CASH_OUT,138723.26,C1211583753,21093.0,0.0,C102227678,59487.78,198211.04,0,0
40,CASH_OUT,377750.62,C1821923262,69969.0,0.0,C116145090,328213.27,705963.89,0,0
40,PAYMENT,8139.66,C284901561,0.0,0.0,M1042152372,0.0,0.0,0,0
40,PAYMENT,16952.69,C1286649467,49710.0,32757.31,M1648049652,0.0,0.0,0,0
40,PAYMENT,11492.9,C680482690,325554.0,314061.1,M2032064892,0.0,0.0,0,0
40,CASH_OUT,219733.37,C819243850,177673.0,0.0,C462562773,2569237.7,2788971.08,0,0
40,CASH_OUT,239950.75,C188474425,35505.0,0.0,C170612709,0.0,239950.75,0,0
40,CASH_IN,268406.78,C1507496347,17163.0,285569.78,C1849893566,0.0,199707.67,0,0
40,CASH_OUT,219496.19,C1442866917,24737.0,0.0,C489688956,65738.51,285234.7,0,0
40,PAYMENT,6887.86,C1125845396,40270.0,33382.14,M399849442,0.0,0.0,0,0
40,CASH_OUT,334396.7,C445528778,2086.0,0.0,C1231109086,211532.25,545928.96,0,0
40,PAYMENT,14395.62,C1332498480,0.0,0.0,M1419814880,0.0,0.0,0,0
40,PAYMENT,2299.95,C1794437297,0.0,0.0,M21487439,0.0,0.0,0,0
40,PAYMENT,6200.4,C747102855,0.0,0.0,M2110381904,0.0,0.0,0,0
40,PAYMENT,10242.71,C821414176,0.0,0.0,M259507670,0.0,0.0,0,0
40,PAYMENT,1711.78,C485989733,0.0,0.0,M796386036,0.0,0.0,0,0
40,PAYMENT,6862.42,C836080371,0.0,0.0,M12433514,0.0,0.0,0,0
40,PAYMENT,7350.32,C545329581,0.0,0.0,M812726027,0.0,0.0,0,0
40,PAYMENT,36679.36,C766405116,1187.0,0.0,M1077803723,0.0,0.0,0,0
40,CASH_OUT,45730.37,C1746507544,0.0,0.0,C2119684067,1396958.37,1273644.25,0,0
40,PAYMENT,5158.34,C1374235775,23144.0,17985.66,M257318455,0.0,0.0,0,0
40,CASH_OUT,271950.56,C546440884,121.0,0.0,C414742912,216532.68,488483.25,0,0
40,PAYMENT,9610.62,C68674793,0.0,0.0,M470133440,0.0,0.0,0,0
40,PAYMENT,2087.58,C564127889,0.0,0.0,M285797808,0.0,0.0,0,0
40,CASH_IN,78039.75,C704869332,60585.0,138624.75,C1843999804,309472.86,231433.11,0,0
40,PAYMENT,316.97,C459378686,138624.75,138307.78,M1164195683,0.0,0.0,0,0
40,CASH_OUT,3829.21,C324478738,189.0,0.0,C1710472884,1092047.4,1095876.62,0,0
40,CASH_IN,125760.59,C586906495,5056.0,130816.59,C1915864899,198469.96,72709.37,0,0
40,CASH_OUT,91997.6,C905055905,101552.0,9554.4,C685641249,0.0,91997.6,0,0
40,CASH_OUT,174337.16,C1372186707,4930.0,0.0,C2091668915,1723575.36,1897912.52,0,0
40,CASH_OUT,233446.78,C2072787663,0.0,0.0,C114159191,872648.63,1106095.41,0,0
40,CASH_IN,304399.4,C47552066,14817.0,319216.4,C1292583849,4609887.89,4305488.49,0,0
40,CASH_IN,283524.64,C662116287,61640.0,345164.64,C1160673279,1491118.79,1207594.15,0,0
40,PAYMENT,6518.1,C971171954,32783.0,26264.9,M597882819,0.0,0.0,0,0
40,CASH_OUT,250913.3,C225120883,298747.0,47833.7,C403649458,2948837.85,3199751.16,0,0
40,CASH_IN,202060.91,C306062990,701.0,202761.91,C856110187,253642.71,51581.8,0,0
40,CASH_OUT,198676.84,C1018297795,72555.0,0.0,C1667473066,0.0,198676.84,0,0
40,PAYMENT,27998.56,C144247161,0.0,0.0,M1572108947,0.0,0.0,0,0
40,PAYMENT,16068.39,C1046298109,0.0,0.0,M229736464,0.0,0.0,0,0
40,CASH_IN,89224.51,C1302561310,10083.0,99307.51,C1495686174,0.0,0.0,0,0
40,TRANSFER,573055.7,C868026843,123.0,0.0,C1517565849,51483.59,624539.29,0,0
40,TRANSFER,1093012.4,C1691904132,14973.0,0.0,C1416217965,693599.55,1786611.95,0,0
40,CASH_IN,54055.47,C1701365007,330862.24,384917.71,C878077457,544829.8,490774.33,0,0
40,TRANSFER,172038.53,C881465550,384917.71,212879.17,C1151633514,2845252.25,3017290.78,0,0
40,PAYMENT,9050.82,C1872899157,31858.0,22807.18,M1209660781,0.0,0.0,0,0
40,CASH_OUT,308333.06,C1811546588,82418.0,0.0,C1430432331,510692.26,531750.39,0,0
40,DEBIT,5320.0,C257046533,95285.0,89965.0,C832019957,3036880.55,3042200.56,0,0
40,PAYMENT,15648.04,C1911323966,42848.0,27199.96,M1993956595,0.0,0.0,0,0
40,TRANSFER,283654.49,C1293309717,34414.0,0.0,C1494099697,0.0,283654.49,0,0
40,PAYMENT,11619.53,C1394265250,30678.0,19058.47,M1091391090,0.0,0.0,0,0
40,TRANSFER,274655.04,C2098183268,19058.47,0.0,C1252076827,317510.58,592165.62,0,0
40,TRANSFER,1289700.34,C48161327,0.0,0.0,C2081443416,7257928.85,8905563.83,0,0
40,TRANSFER,315838.69,C119816458,16512.0,0.0,C404923931,1123477.61,1439316.29,0,0
40,PAYMENT,5821.42,C745664834,1641.0,0.0,M748524596,0.0,0.0,0,0
40,CASH_OUT,124335.34,C1504171026,61346.0,0.0,C679689676,235622.83,359958.18,0,0
40,CASH_IN,210980.5,C2083447357,0.0,210980.5,C1166005441,2680589.11,2469608.61,0,0
40,CASH_IN,77214.94,C1610016539,210980.5,288195.44,C801965910,675497.79,598282.85,0,0
40,CASH_IN,145389.78,C529200357,288195.44,433585.22,C943810153,229040.46,83650.69,0,0
40,CASH_IN,15077.4,C2028643394,433585.22,448662.62,C2120930080,257126.39,242048.99,0,0
40,CASH_IN,47578.4,C1935576680,448662.62,496241.01,C1153049441,672097.39,624518.99,0,0
40,CASH_IN,44635.92,C469266727,496241.01,540876.93,C299807793,518100.7,473464.78,0,0
40,CASH_IN,19223.37,C1394443105,540876.93,560100.3,C1457864221,255999.81,236776.44,0,0
40,CASH_IN,231322.13,C2121852404,560100.3,791422.43,C1709437931,6195274.51,5963952.38,0,0
40,CASH_IN,91912.53,C2043808157,791422.43,883334.96,C1722646807,155103.79,63191.27,0,0
40,CASH_IN,93947.14,C561721033,883334.96,977282.1,C1215697612,705644.57,611697.43,0,0
40,CASH_IN,41182.22,C507684620,977282.1,1018464.32,C1004082787,816245.11,775062.89,0,0
40,CASH_IN,57973.24,C665630325,1018464.32,1076437.56,C790129834,3147491.56,3089518.32,0,0
40,CASH_IN,195116.48,C1314643452,1076437.56,1271554.04,C351394592,1370716.4,1175599.92,0,0
40,CASH_IN,208641.03,C917417880,1271554.04,1480195.06,C390085644,704720.92,496079.89,0,0
40,CASH_IN,244847.01,C1038029958,1480195.06,1725042.07,C250521447,678841.89,433994.88,0,0
40,CASH_IN,687807.82,C2130842198,1725042.07,2412849.89,C769696711,7260444.84,6572637.02,0,0
40,CASH_IN,460221.21,C1873183863,2412849.89,2873071.1,C1098124123,847553.77,387332.56,0,0
40,CASH_IN,149991.36,C741811316,2873071.1,3023062.46,C1111943568,358925.42,208934.05,0,0
40,CASH_IN,477668.48,C1770614352,3023062.46,3500730.94,C865922491,6021197.77,5543529.29,0,0
40,CASH_IN,96790.02,C116806037,3500730.94,3597520.96,C1397244538,5443398.5,5346608.47,0,0
40,CASH_IN,182743.38,C1571354624,3597520.96,3780264.34,C1531158406,1254853.21,1285179.91,0,0
40,CASH_IN,252418.46,C1219060549,3780264.34,4032682.8,C1915988697,2005144.65,1943370.87,0,0
40,CASH_IN,178845.46,C1785757678,4032682.8,4211528.26,C1165140281,3338529.25,3159683.79,0,0
40,CASH_IN,150170.26,C1581183436,4211528.26,4361698.51,C1308114570,465548.01,315377.75,0,0
40,CASH_IN,85561.91,C1145858803,4361698.51,4447260.42,C749672494,7573765.9,7530323.6,0,0
40,CASH_IN,168014.39,C1207736948,4447260.42,4615274.81,C177645514,310926.82,318014.17,0,0
40,CASH_IN,202283.56,C781849194,4615274.81,4817558.37,C1102456557,965607.85,763324.29,0,0
40,CASH_IN,92837.49,C126035684,4817558.37,4910395.86,C449383567,3005374.98,2912537.48,0,0
40,CASH_IN,30974.15,C549441301,4910395.86,4941370.01,C1782586983,211810.26,180836.11,0,0
40,CASH_IN,16950.63,C53730892,4941370.01,4958320.64,C2073754729,3197880.68,3180930.05,0,0
40,CASH_IN,207657.62,C2101642498,4958320.64,5165978.27,C1838646084,2082700.76,1875043.13,0,0
40,CASH_OUT,350614.87,C1676552264,165.0,0.0,C1918102197,72443.62,423058.49,0,0
40,CASH_IN,292172.85,C1039635527,30796.0,322968.85,C1293861545,0.0,0.0,0,0
40,DEBIT,653.42,C539749387,322968.85,322315.43,C538256457,16505.0,17158.42,0,0
40,CASH_IN,200323.83,C2040402329,5832.0,206155.83,C1978660415,0.0,0.0,0,0
40,CASH_OUT,49448.73,C1805699722,332222.0,282773.27,C1311717305,1016388.06,1065836.79,0,0
40,CASH_OUT,282027.65,C1786002965,28840.0,0.0,C720599914,1403422.9,1685450.54,0,0
40,PAYMENT,8243.83,C356572388,11609.0,3365.17,M475727116,0.0,0.0,0,0
40,CASH_IN,100897.54,C1908570263,564.0,101461.54,C431604635,0.0,0.0,0,0
40,PAYMENT,4469.28,C973960236,172064.41,167595.12,M691615861,0.0,0.0,0,0
40,TRANSFER,260112.68,C1829645115,167595.12,0.0,C783765910,5404866.83,5933488.4,0,0
40,CASH_OUT,32322.95,C267051213,198312.0,165989.05,C1060513615,301314.66,333637.62,0,0
40,CASH_OUT,99200.74,C1586972936,30823.0,0.0,C2111805560,1449193.7,1548394.44,0,0
40,TRANSFER,119193.49,C1049438271,0.0,0.0,C1054041144,1023384.38,1142577.87,0,0
40,CASH_OUT,308410.33,C583441190,21218.0,0.0,C436750280,13322.78,321733.12,0,0
40,PAYMENT,3270.74,C2062740283,0.0,0.0,M516502116,0.0,0.0,0,0
40,CASH_OUT,149442.08,C1238515026,19867.0,0.0,C318594863,709254.38,858696.45,0,0
40,CASH_OUT,34501.28,C1599832293,14955.0,0.0,C561473071,0.0,34501.28,0,0
40,CASH_OUT,120568.78,C840762118,0.0,0.0,C1058833089,2508215.16,3768320.03,0,0
40,CASH_OUT,92460.96,C1703955763,97774.98,5314.02,C1784638013,608539.42,701000.38,0,0
40,PAYMENT,7395.43,C1030800510,5314.02,0.0,M1043281821,0.0,0.0,0,0
40,CASH_OUT,117253.14,C1693451885,27510.0,0.0,C1441492134,0.0,117253.14,0,0
40,CASH_OUT,304355.24,C57554453,1026.0,0.0,C1340066946,0.0,304355.24,0,0
40,DEBIT,2195.35,C948322610,0.0,0.0,C1749400243,116792.04,118987.39,0,0
40,CASH_OUT,115147.19,C2136083040,8073.0,0.0,C1046261383,1303156.24,1418303.43,0,0
40,PAYMENT,7061.05,C469084297,0.0,0.0,M1775889276,0.0,0.0,0,0
40,TRANSFER,742444.93,C1667016868,106947.0,0.0,C1972377800,68102.03,810546.95,0,0
40,CASH_OUT,124830.15,C213041061,664731.0,539900.85,C609192087,2640168.76,2764998.9,0,0
40,CASH_IN,19103.87,C985001818,175678.0,194781.87,C2013706137,54926.59,35822.72,0,0
40,CASH_OUT,67172.39,C470905211,5058.0,0.0,C1447001995,0.0,19599.42,0,0
40,PAYMENT,1344.25,C437187541,50901.0,49556.75,M64501926,0.0,0.0,0,0
40,TRANSFER,1065.54,C369281208,192933.0,191867.46,C826712197,3786.0,4851.54,0,0
40,DEBIT,3776.78,C26212778,41117.0,37340.22,C767812191,2997507.83,3001284.61,0,0
40,CASH_OUT,268367.36,C1827811861,37340.22,0.0,C1415136433,602878.62,871245.98,0,0
40,CASH_OUT,122167.46,C774715941,0.0,0.0,C244410586,1923119.47,2045286.93,0,0
40,CASH_OUT,406669.25,C778727504,89723.0,0.0,C1223069577,217764.7,624433.96,0,0
40,CASH_OUT,67724.26,C1347853982,8530.0,0.0,C136571319,341407.1,409131.36,0,0
40,CASH_OUT,37068.51,C759786523,79484.0,42415.49,C1269376782,0.0,37068.51,0,0
40,PAYMENT,17434.12,C1794279301,21354.0,3919.88,M392663675,0.0,0.0,0,0
40,PAYMENT,21193.98,C1931566183,2884.0,0.0,M359587756,0.0,0.0,0,0
40,PAYMENT,4743.29,C1801366571,15460.0,10716.71,M1082204017,0.0,0.0,0,0
40,PAYMENT,13394.78,C968536418,14353.0,958.22,M1523223110,0.0,0.0,0,0
40,PAYMENT,6107.21,C1147882176,20444.0,14336.79,M207208363,0.0,0.0,0,0
40,CASH_OUT,354371.31,C1610890979,30928.0,0.0,C307737771,14360.96,368732.27,0,0
40,CASH_IN,180500.52,C1855062047,1456.0,181956.52,C538371344,336891.56,298819.83,0,0
40,PAYMENT,16887.76,C1882286663,1552.0,0.0,M835987213,0.0,0.0,0,0
40,CASH_OUT,282434.52,C1894184178,9979.0,0.0,C16149427,199379.62,481814.14,0,0
40,CASH_OUT,225162.15,C235569161,0.0,0.0,C1161063805,330026.1,555188.24,0,0
40,CASH_IN,99034.77,C1972543709,11249.0,110283.77,C458716302,276817.1,177782.33,0,0
40,CASH_OUT,134301.04,C1710099757,383636.0,249334.96,C1496056341,0.0,134301.04,0,0
40,CASH_OUT,77797.79,C577254406,1061.0,0.0,C1998706143,163857.09,241654.89,0,0
40,CASH_OUT,130028.48,C2025386634,61206.0,0.0,C1323554294,0.0,130028.48,0,0
40,TRANSFER,53471.52,C416035080,0.0,0.0,C1791931973,824575.42,1384168.31,0,0
40,CASH_IN,157524.71,C232706137,166381.0,323905.71,C143657869,0.0,0.0,0,0
40,CASH_OUT,35140.6,C1853165024,472356.54,437215.94,C770453408,0.0,318503.45,0,0
40,CASH_OUT,73342.99,C1365679622,437215.94,363872.95,C402828186,3861133.33,3934476.32,0,0
40,CASH_OUT,365425.43,C677097811,25539.0,0.0,C1568958326,3044126.99,3409552.42,0,0
40,CASH_OUT,34466.55,C1400692761,10288.0,0.0,C1487207727,573720.22,686591.27,0,0
40,PAYMENT,38999.71,C354479515,49929.0,10929.29,M1884538775,0.0,0.0,0,0
40,PAYMENT,13731.16,C100086247,609325.0,595593.84,M834626920,0.0,0.0,0,0
40,PAYMENT,17333.26,C593566449,595593.84,578260.58,M1306533493,0.0,0.0,0,0
40,PAYMENT,641.63,C1898210855,578260.58,577618.96,M997902670,0.0,0.0,0,0
40,PAYMENT,15652.84,C275245634,577618.96,561966.11,M1564040589,0.0,0.0,0,0
40,PAYMENT,7153.43,C268307795,561966.11,554812.69,M1646495067,0.0,0.0,0,0
40,PAYMENT,26566.16,C1303991975,554812.69,528246.53,M1518059432,0.0,0.0,0,0
40,PAYMENT,6149.29,C621851937,528246.53,522097.23,M1541928325,0.0,0.0,0,0
40,PAYMENT,3275.83,C1550621744,522097.23,518821.4,M1533935338,0.0,0.0,0,0
40,PAYMENT,2737.14,C2079650075,518821.4,516084.26,M534472765,0.0,0.0,0,0
40,PAYMENT,223.25,C669973226,516084.26,515861.01,M323017299,0.0,0.0,0,0
40,PAYMENT,46.86,C1340120329,515861.01,515814.15,M197037640,0.0,0.0,0,0
40,PAYMENT,8697.97,C1532431487,515814.15,507116.18,M1313920772,0.0,0.0,0,0
40,PAYMENT,8336.88,C85136146,507116.18,498779.31,M2057306422,0.0,0.0,0,0
40,PAYMENT,10868.94,C427286249,498779.31,487910.37,M1373094452,0.0,0.0,0,0
40,PAYMENT,168.69,C1279377567,487910.37,487741.67,M907202960,0.0,0.0,0,0
40,CASH_IN,27084.27,C288739629,30106.0,57190.27,C97715703,629466.47,602382.2,0,0
40,CASH_OUT,341313.52,C2115794781,50202.0,0.0,C1118400176,1653999.19,1995312.71,0,0
40,PAYMENT,10749.78,C1008407865,0.0,0.0,M480628091,0.0,0.0,0,0
40,CASH_OUT,239941.41,C598137723,0.0,0.0,C2079959035,1937326.94,2177268.35,0,0
40,PAYMENT,10689.5,C1042147021,2280.0,0.0,M1523289834,0.0,0.0,0,0
40,CASH_IN,93250.5,C1756847837,0.0,93250.5,C229277107,300486.2,207235.71,0,0
40,CASH_IN,101873.5,C2111782323,93250.5,195124.0,C1466073198,4248689.36,4146815.86,0,0
40,CASH_IN,292635.35,C740656971,195124.0,487759.35,C2056371163,435491.89,142856.54,0,0
40,CASH_IN,71471.48,C715120891,487759.35,559230.83,C810472344,209800.84,138329.35,0,0
40,CASH_IN,264819.82,C2022445763,559230.83,824050.65,C1366173746,509458.48,244638.66,0,0
40,CASH_IN,52100.8,C2092600004,824050.65,876151.45,C334356684,429112.5,377011.7,0,0
40,CASH_IN,95636.39,C2091206087,876151.45,971787.83,C1551933669,387529.13,291892.75,0,0
40,CASH_IN,56963.77,C703130256,971787.83,1028751.6,C275925618,613420.45,556456.68,0,0
40,CASH_IN,10817.7,C837480292,1028751.6,1039569.3,C345330137,2888096.72,2877279.02,0,0
40,CASH_OUT,242413.2,C430882615,2221.0,0.0,C543775298,34481.08,276894.28,0,0
40,CASH_IN,692460.43,C1332955832,15892.0,708352.43,C2016349942,47276.37,0.0,0,0
40,CASH_IN,324213.72,C555849132,133.0,324346.72,C1647365815,833195.41,508981.7,0,0
40,CASH_OUT,216142.41,C1196875555,3056.0,0.0,C137322027,125141.92,536599.14,0,0
40,TRANSFER,1395220.96,C728598521,737840.0,0.0,C46230263,55673.23,1450894.19,0,0
40,CASH_OUT,282157.06,C2124295846,119084.0,0.0,C1803411139,261143.68,543300.74,0,0
40,TRANSFER,607310.4,C1405044780,0.0,0.0,C1472124573,1702911.17,2310221.58,0,0
40,CASH_OUT,89738.05,C585181887,47070.0,0.0,C536129683,0.0,89738.05,0,0
40,TRANSFER,436534.42,C1710498645,7145.0,0.0,C246800535,0.0,436534.42,0,0
40,PAYMENT,10819.24,C1779485267,0.0,0.0,M1128726805,0.0,0.0,0,0
40,CASH_OUT,394420.97,C1750626064,11376.0,0.0,C447752600,12424241.17,12818662.15,0,0
40,CASH_IN,283101.85,C754063301,21221.0,304322.85,C226684521,182499.34,0.0,0,0
40,PAYMENT,3759.58,C1088164442,304322.85,300563.27,M1005120765,0.0,0.0,0,0
40,PAYMENT,3753.99,C283325567,300563.27,296809.28,M747853209,0.0,0.0,0,0
40,CASH_OUT,127995.04,C217959571,18352.0,0.0,C883354857,5635.33,133630.37,0,0
40,CASH_IN,58461.51,C1888376565,7089.0,65550.51,C190628619,479018.09,420556.58,0,0
40,PAYMENT,12240.55,C2034750551,49187.0,36946.45,M1330538875,0.0,0.0,0,0
40,CASH_OUT,372311.17,C766885205,11143.0,0.0,C187172756,0.0,372311.17,0,0
40,PAYMENT,4057.77,C797863912,4569.0,511.23,M1756164898,0.0,0.0,0,0
40,CASH_OUT,105533.7,C1410681597,511.23,0.0,C1225394811,8426409.76,8531943.46,0,0
40,PAYMENT,6302.46,C1414142527,5229.0,0.0,M141024881,0.0,0.0,0,0
40,TRANSFER,478929.54,C123537852,70148.0,0.0,C482702081,3332692.77,3811622.31,0,0
40,CASH_OUT,271690.3,C2036459784,9260.0,0.0,C357563667,3991364.92,4263055.22,0,0
40,TRANSFER,711865.32,C2105450489,120.0,0.0,C1884730376,1136906.12,1848771.44,0,0
40,CASH_IN,344563.3,C1272726129,14955.0,359518.3,C454761507,246300.41,0.0,0,0
40,CASH_OUT,170693.18,C606315103,11993.0,0.0,C1537921870,289666.97,460360.14,0,0
40,CASH_OUT,517876.05,C1383868026,9958.0,0.0,C793782844,2932277.14,3450153.19,0,0
40,PAYMENT,2996.38,C1542781595,0.0,0.0,M1913844830,0.0,0.0,0,0
40,PAYMENT,12109.74,C1260032281,200.0,0.0,M2028347894,0.0,0.0,0,0
40,PAYMENT,147.38,C70925395,0.0,0.0,M1634699406,0.0,0.0,0,0
40,PAYMENT,1413.55,C2120376291,0.0,0.0,M927082568,0.0,0.0,0,0
40,PAYMENT,19724.04,C1649361495,0.0,0.0,M2147065192,0.0,0.0,0,0
40,PAYMENT,6251.86,C319313971,0.0,0.0,M900604530,0.0,0.0,0,0
40,PAYMENT,8306.9,C770409322,0.0,0.0,M516573538,0.0,0.0,0,0
40,PAYMENT,9683.05,C1339179848,0.0,0.0,M187389298,0.0,0.0,0,0
40,PAYMENT,2057.08,C2057988014,0.0,0.0,M912761024,0.0,0.0,0,0
40,PAYMENT,14361.79,C1811053895,0.0,0.0,M983770510,0.0,0.0,0,0
40,PAYMENT,8732.53,C329097827,0.0,0.0,M410481008,0.0,0.0,0,0
40,PAYMENT,23798.93,C1612132220,0.0,0.0,M1136392613,0.0,0.0,0,0
40,PAYMENT,2313.23,C1028375819,0.0,0.0,M504680227,0.0,0.0,0,0
40,PAYMENT,10802.34,C1201766226,0.0,0.0,M1531695314,0.0,0.0,0,0
40,PAYMENT,776.58,C944452909,0.0,0.0,M2005200,0.0,0.0,0,0
40,PAYMENT,8961.38,C1275673710,0.0,0.0,M1229039741,0.0,0.0,0,0
40,PAYMENT,34653.36,C675421733,0.0,0.0,M1559153637,0.0,0.0,0,0
40,CASH_OUT,458232.67,C1501656666,137749.0,0.0,C1739925176,153558.81,611791.47,0,0
40,CASH_OUT,280625.22,C499597143,7530.0,0.0,C534715219,0.0,280625.22,0,0
40,CASH_OUT,339091.63,C634173948,87410.0,0.0,C1666999806,0.0,339091.63,0,0
40,CASH_OUT,221682.66,C265813827,530.0,0.0,C1134984520,150878.34,372561.0,0,0
40,CASH_OUT,105252.96,C1572236101,7539.0,0.0,C1686423259,4997.68,110250.64,0,0
40,PAYMENT,35780.67,C2041567779,60172.0,24391.33,M963415987,0.0,0.0,0,0
40,CASH_IN,407713.24,C166810170,24391.33,432104.57,C1957555150,1026635.16,618921.92,0,0
40,CASH_IN,232853.74,C1744043010,432104.57,664958.3,C1685768687,572590.44,339736.7,0,0
40,CASH_IN,166685.01,C1619680285,664958.3,831643.31,C1776805244,275084.51,108399.5,0,0
40,CASH_IN,142520.62,C1028015784,831643.31,974163.93,C21178361,308035.36,165514.74,0,0
40,CASH_IN,84033.52,C1051042744,974163.93,1058197.45,C1968105009,3169693.82,3085660.3,0,0
40,CASH_IN,211969.92,C1187924866,1058197.45,1270167.37,C1275467021,484958.7,272988.78,0,0
40,CASH_IN,247656.3,C1947635186,1270167.37,1517823.67,C843364106,386357.93,138701.63,0,0
40,CASH_IN,91871.01,C2070607582,1517823.67,1609694.68,C697153844,542525.1,450654.09,0,0
40,CASH_IN,20070.14,C1749099112,1609694.68,1629764.82,C927617818,73527.62,53457.48,0,0
40,CASH_IN,156583.68,C1550317241,1629764.82,1786348.5,C1607757030,257039.48,100455.8,0,0
40,CASH_IN,148552.44,C484350426,1786348.5,1934900.94,C1146558025,229790.26,81237.82,0,0
40,CASH_IN,73487.93,C808341657,1934900.94,2008388.87,C526997132,431452.0,357964.07,0,0
40,CASH_IN,155660.46,C1369274006,2008388.87,2164049.33,C1925584280,158192.46,2532.0,0,0
40,CASH_IN,130546.49,C841781282,2164049.33,2294595.82,C1273166628,444424.09,313877.59,0,0
40,CASH_IN,634941.93,C1515507700,2294595.82,2929537.75,C1610505085,8425671.66,7790729.73,0,0
40,CASH_IN,12460.99,C406648511,2929537.75,2941998.74,C370615724,2060237.85,2047776.86,0,0
40,CASH_IN,157580.24,C581896936,2941998.74,3099578.98,C2135406237,1737046.43,1579466.19,0,0
40,CASH_IN,47803.22,C1951671071,3099578.98,3147382.2,C711890386,85826.89,237694.95,0,0
40,CASH_IN,6523.0,C142829838,3147382.2,3153905.19,C2060820285,536605.46,530082.46,0,0
40,CASH_IN,234697.97,C2004221871,3153905.19,3388603.17,C569640398,639030.3,404332.33,0,0
40,CASH_IN,59774.83,C769086435,3388603.17,3448378.0,C1831723817,819972.29,760197.46,0,0
40,CASH_IN,168122.39,C2018431389,3448378.0,3616500.38,C1256430477,1043954.23,875831.85,0,0
40,CASH_IN,305021.83,C1796607107,3616500.38,3921522.21,C436118703,3772819.18,3167839.51,0,0
40,CASH_IN,507530.56,C868622025,3921522.21,4429052.78,C45407700,4050828.71,3543298.15,0,0
40,CASH_IN,208685.99,C614009625,4429052.78,4637738.77,C158809706,756756.84,548070.85,0,0
40,CASH_IN,18858.19,C710272046,4637738.77,4656596.96,C969739587,2535310.27,2516452.08,0,0
40,CASH_IN,328504.57,C1903990771,4656596.96,4985101.53,C1381916267,3839471.56,3510966.99,0,0
40,CASH_IN,50834.26,C1926229827,4985101.53,5035935.79,C1689070945,413321.83,362487.57,0,0
40,CASH_IN,8443.61,C509797312,5035935.79,5044379.4,C468135285,151083.52,142639.91,0,0
40,CASH_IN,139299.83,C454230198,5044379.4,5183679.23,C686294126,552808.66,413508.82,0,0
40,CASH_IN,102575.67,C247844648,5183679.23,5286254.9,C384752294,1751049.99,1495826.32,0,0
40,CASH_IN,54237.69,C58559556,5286254.9,5340492.59,C60255660,678249.96,0.0,0,0
40,CASH_IN,156489.35,C168301320,5340492.59,5496981.94,C2038006108,4942279.58,4785790.23,0,0
40,CASH_IN,329465.07,C161330255,5496981.94,5826447.0,C732685266,3118057.65,2788592.58,0,0
40,CASH_IN,360859.78,C687970011,5826447.0,6187306.78,C1713590563,2388008.95,1476067.22,0,0
40,CASH_IN,77644.08,C1190211603,6187306.78,6264950.86,C1139480548,83245.9,5601.82,0,0
40,CASH_IN,250617.94,C204209046,6264950.86,6515568.8,C1730905710,352635.48,429949.44,0,0
40,CASH_IN,39741.81,C1752172944,6515568.8,6555310.61,C938505167,143764.86,104023.05,0,0
40,CASH_IN,76342.15,C1298332939,6555310.61,6631652.75,C968834792,1722397.66,2914446.21,0,0
40,CASH_IN,219837.63,C47987996,6631652.75,6851490.38,C1788498195,874135.82,654298.19,0,0
40,CASH_IN,509255.99,C1366851994,6851490.38,7360746.37,C1867525565,5612653.93,5103397.94,0,0
40,CASH_IN,52796.86,C967589548,7360746.37,7413543.23,C1537665008,405281.95,352485.09,0,0
40,CASH_IN,67904.84,C1677461047,7413543.23,7481448.07,C517806715,421285.7,353380.86,0,0
40,CASH_IN,72470.83,C2876297,7481448.07,7553918.9,C1545505194,430436.28,357965.44,0,0
40,CASH_IN,76843.41,C365614663,7553918.9,7630762.31,C9383664,3914640.58,3837797.16,0,0
40,CASH_IN,244480.35,C1296814860,7630762.31,7875242.66,C1873889419,1688041.31,1443560.96,0,0
40,CASH_IN,192767.77,C1308997932,7875242.66,8068010.43,C1974403508,1220164.61,1027396.84,0,0
40,CASH_IN,333344.53,C300756174,8068010.43,8401354.96,C188886639,786724.38,453379.85,0,0
40,CASH_IN,333175.16,C1389799514,8401354.96,8734530.11,C1863593828,2031765.76,1698590.6,0,0
40,CASH_IN,94655.95,C1100403391,8734530.11,8829186.07,C1935380921,5840255.45,5745599.49,0,0
40,TRANSFER,326863.85,C574214008,2444.0,0.0,C1237993637,519455.18,846319.02,0,0
40,CASH_OUT,85307.61,C1514806445,20837.0,0.0,C1594518511,78869.7,164177.31,0,0
40,CASH_IN,97372.48,C1035594694,410.0,97782.48,C1188786458,2129332.68,2031960.2,0,0
40,CASH_IN,252811.78,C1246615012,11601.0,264412.78,C220109118,0.0,0.0,0,0
40,DEBIT,5435.67,C652448218,10303.0,4867.33,C294865434,5302656.09,5308091.76,0,0
40,CASH_OUT,95356.96,C751197919,4867.33,0.0,C877334652,701528.66,796885.63,0,0
40,PAYMENT,13316.06,C1582524250,86171.0,72854.94,M2056616833,0.0,0.0,0,0
40,PAYMENT,13077.59,C1078089800,72854.94,59777.35,M1584191033,0.0,0.0,0,0
40,CASH_OUT,257011.94,C465572633,20693.0,0.0,C1820852843,6114313.6,6371325.54,0,0
40,CASH_OUT,693156.6,C1247292051,6354.0,0.0,C1172960304,2079863.86,2773020.46,0,0
40,CASH_OUT,85296.69,C403352456,159302.0,74005.31,C1249709855,266536.43,351833.12,0,0
40,CASH_OUT,51013.32,C544172974,74005.31,22992.0,C877699122,526722.13,577735.45,0,0
40,TRANSFER,584731.69,C992803937,25780.0,0.0,C1301254160,10627.0,595358.69,0,0
40,PAYMENT,15348.07,C808146213,0.0,0.0,M2100362819,0.0,0.0,0,0
40,CASH_OUT,322008.6,C651806800,30103.0,0.0,C441089104,382256.35,704264.95,0,0
40,PAYMENT,7319.77,C2060121886,0.0,0.0,M279058207,0.0,0.0,0,0
40,CASH_OUT,476020.52,C1780101550,412537.0,0.0,C596472699,1401752.81,1877773.33,0,0
40,TRANSFER,162880.33,C40497141,10373.0,0.0,C1238689551,0.0,162880.33,0,0
40,CASH_OUT,27227.34,C800492193,291540.0,264312.66,C1518974758,1676363.09,1331770.65,0,0
40,CASH_OUT,605966.18,C799832743,49919.0,0.0,C134445473,0.0,605966.18,0,0
40,PAYMENT,3678.23,C343976381,60908.0,57229.77,M1499196063,0.0,0.0,0,0
40,CASH_IN,94405.69,C1109622935,21329.0,115734.69,C1703164443,1194188.73,1099783.03,0,0
40,PAYMENT,11224.07,C236364598,210238.0,199013.93,M524959240,0.0,0.0,0,0
40,PAYMENT,14217.35,C432218220,199013.93,184796.57,M1194994939,0.0,0.0,0,0
40,PAYMENT,22332.92,C2081306681,184796.57,162463.65,M855307214,0.0,0.0,0,0
40,CASH_IN,12856.65,C851080637,179583.0,192439.65,C2018621318,0.0,0.0,0,0
40,PAYMENT,25702.85,C611437285,372203.0,346500.15,M699658658,0.0,0.0,0,0
40,CASH_OUT,47428.66,C1278350297,22463.0,0.0,C2041582534,71039.04,230308.86,0,0
40,CASH_OUT,9093.59,C759464063,15812.0,6718.41,C153032919,50763.24,59856.83,0,0
40,PAYMENT,3893.08,C130568656,6718.41,2825.33,M826314346,0.0,0.0,0,0
40,PAYMENT,17339.11,C1840312128,2825.33,0.0,M1686031857,0.0,0.0,0,0
40,CASH_OUT,253776.77,C561862271,91697.0,0.0,C1552767226,780472.29,1026338.66,0,0
40,CASH_OUT,335718.36,C352042980,17045.0,0.0,C1185128663,240463.36,576181.72,0,0
40,PAYMENT,13584.04,C2119928020,0.0,0.0,M1826145195,0.0,0.0,0,0
40,CASH_OUT,560669.24,C668839649,6083.0,0.0,C676836764,269062.89,829732.13,0,0
40,PAYMENT,11581.74,C1854939489,0.0,0.0,M1286539599,0.0,0.0,0,0
40,PAYMENT,5753.59,C1723879146,0.0,0.0,M740314741,0.0,0.0,0,0
40,CASH_OUT,251411.95,C1138031033,146878.0,0.0,C1382470791,175264.04,426675.99,0,0
40,CASH_OUT,46723.05,C2005231101,37026.0,0.0,C572813274,0.0,46723.05,0,0
40,PAYMENT,5760.33,C324457209,0.0,0.0,M1026258176,0.0,0.0,0,0
40,TRANSFER,1214067.19,C1507215917,37703.0,0.0,C533885393,0.0,1462503.36,0,0
40,PAYMENT,5372.93,C94398055,100466.0,95093.07,M541371696,0.0,0.0,0,0
40,CASH_OUT,637467.71,C1176588109,223564.0,0.0,C1132801571,0.0,637467.71,0,0
40,PAYMENT,8303.12,C760078982,0.0,0.0,M727202326,0.0,0.0,0,0
40,PAYMENT,11853.68,C787496800,0.0,0.0,M1659328212,0.0,0.0,0,0
40,CASH_OUT,271110.87,C545047004,359034.65,87923.78,C1041940675,16740.46,287851.33,0,0
40,TRANSFER,777284.54,C1243531087,87923.78,0.0,C1824785461,3135667.75,3912952.29,0,0
40,CASH_IN,42667.88,C1698359891,51428.0,94095.88,C116678948,2209962.09,1920073.79,0,0
40,CASH_OUT,186623.94,C1035162070,94095.88,0.0,C1688639655,1745777.65,2745327.3,0,0
40,CASH_OUT,355900.95,C2064057757,95894.0,0.0,C934120590,322399.82,678300.77,0,0
40,CASH_OUT,470190.72,C1193246989,65729.0,0.0,C1229849062,1485055.29,1955246.02,0,0
40,CASH_OUT,77280.58,C1967489999,0.0,0.0,C407757655,904564.43,981845.0,0,0
40,CASH_OUT,78154.63,C1390362960,0.0,0.0,C1854453853,1929210.64,2007365.27,0,0
40,CASH_OUT,164510.51,C288853371,0.0,0.0,C766950017,2471444.12,2635954.63,0,0
40,CASH_OUT,168768.58,C706437561,0.0,0.0,C1644775396,323398.19,492166.77,0,0
40,CASH_OUT,26124.88,C1939461326,0.0,0.0,C796351003,552984.69,917980.01,0,0
40,CASH_OUT,93325.68,C1541721644,0.0,0.0,C1905735148,588928.44,764083.98,0,0
40,CASH_OUT,115715.3,C1989532798,0.0,0.0,C307841806,5488254.66,5603969.96,0,0
40,CASH_OUT,364065.05,C133332412,0.0,0.0,C690241874,492672.11,856737.16,0,0
40,CASH_OUT,193271.58,C980481576,0.0,0.0,C232812328,10351277.21,10544548.79,0,0
40,CASH_OUT,44478.05,C1192807140,0.0,0.0,C174600066,51918.72,96396.78,0,0
40,CASH_OUT,230309.95,C523667541,0.0,0.0,C783793980,383681.93,613991.88,0,0
40,CASH_OUT,174746.08,C188553618,0.0,0.0,C796663693,1307891.38,1813477.73,0,0
40,CASH_OUT,142968.77,C910262123,0.0,0.0,C700743439,2022718.01,2165686.78,0,0
40,CASH_OUT,52583.41,C923786413,0.0,0.0,C691626218,215167.27,267750.68,0,0
40,CASH_OUT,48578.86,C475041337,0.0,0.0,C257120108,3189642.5,3977512.58,0,0
40,CASH_OUT,415970.52,C2143483304,0.0,0.0,C2129847084,29706031.93,30122002.45,0,0
40,CASH_IN,331634.3,C1111844636,16735.0,348369.3,C575023887,0.0,0.0,0,0
40,TRANSFER,982220.42,C199635277,348369.3,0.0,C2025442559,2088822.04,3071042.46,0,0
40,CASH_OUT,98342.15,C325015374,30555.0,0.0,C1042475813,355682.39,454024.55,0,0
40,CASH_OUT,247439.45,C2069405496,107311.0,0.0,C414497136,0.0,247439.45,0,0
40,CASH_OUT,131851.33,C307002056,1117.0,0.0,C1598448808,0.0,131851.33,0,0
40,CASH_OUT,171168.57,C672816533,0.0,0.0,C1638128692,354921.27,526089.84,0,0
40,CASH_OUT,502072.35,C1100385023,32857.0,0.0,C1684833454,257887.93,759960.28,0,0
40,CASH_IN,237464.57,C2114481322,11212.0,248676.57,C2085432393,4751772.73,4514308.16,0,0
40,CASH_IN,73326.39,C258200473,3608.0,76934.39,C731545633,156074.97,82748.58,0,0
40,PAYMENT,6148.3,C1978650901,76934.39,70786.09,M5991461,0.0,0.0,0,0
40,PAYMENT,21528.93,C1032535480,36.0,0.0,M744869515,0.0,0.0,0,0
40,CASH_OUT,106399.23,C654951787,50238.0,0.0,C9812152,750576.7,856975.92,0,0
40,CASH_OUT,186688.26,C2095624171,550.0,0.0,C1804424410,3813504.18,4000192.43,0,0
40,CASH_OUT,327624.57,C409615155,345252.0,17627.43,C293253602,365368.94,692993.51,0,0
40,CASH_OUT,122787.14,C452570915,68745.0,0.0,C1978239416,0.0,122787.14,0,0
40,CASH_OUT,283669.59,C1932661642,10411.0,0.0,C720975019,331537.08,615206.67,0,0
40,CASH_OUT,277667.65,C1251765744,117357.0,0.0,C2033940386,10543.71,288211.36,0,0
40,CASH_OUT,132745.99,C65430579,0.0,0.0,C922964071,292795.88,425541.87,0,0
40,CASH_OUT,198028.95,C1420907483,9310.0,0.0,C115532492,599317.47,797346.42,0,0
40,TRANSFER,468537.96,C930915460,46362.0,0.0,C1332663184,0.0,468537.96,0,0
40,PAYMENT,13712.47,C514239606,0.0,0.0,M777094253,0.0,0.0,0,0
40,PAYMENT,16087.81,C1881159159,21213.0,5125.19,M573241331,0.0,0.0,0,0
40,CASH_OUT,223628.22,C155466460,5125.19,0.0,C1400217544,2451915.81,2675544.03,0,0
40,CASH_IN,69235.35,C722773365,12377.0,81612.35,C333943222,1987656.0,1918420.65,0,0
40,CASH_OUT,65775.3,C1516937837,21461.0,0.0,C515305940,19014.88,84790.19,0,0
40,CASH_OUT,99092.12,C789201852,0.0,0.0,C398688212,401587.67,500679.79,0,0
40,CASH_OUT,281556.43,C128978523,3570.0,0.0,C684248608,1431517.19,1713073.63,0,0
40,PAYMENT,5408.11,C151076053,46054.0,40645.89,M116891218,0.0,0.0,0,0
40,CASH_IN,64806.19,C2073897619,297627.0,362433.19,C1181076494,0.0,0.0,0,0
40,TRANSFER,137962.08,C2094543213,16443.0,0.0,C852918554,0.0,137962.08,0,0
40,PAYMENT,19492.17,C2092916151,40352.0,20859.83,M1174428028,0.0,0.0,0,0
40,CASH_IN,389332.47,C1415264925,171786.0,561118.47,C894505517,151826.19,0.0,0,0
40,CASH_OUT,442286.11,C1765095970,89323.5,0.0,C1055080514,0.0,442286.11,0,0
40,CASH_OUT,382143.13,C1877049430,0.0,0.0,C1984827532,3378330.79,3760473.92,0,0
40,CASH_OUT,16346.62,C737079151,0.0,0.0,C1857132023,33998.75,50345.36,0,0
40,CASH_OUT,96566.94,C653047645,52899.0,0.0,C615577488,27811.59,124378.53,0,0
40,PAYMENT,6439.54,C1724411272,41696.0,35256.46,M97038903,0.0,0.0,0,0
40,PAYMENT,16966.7,C1493278838,6007.0,0.0,M445952596,0.0,0.0,0,0
40,CASH_OUT,7761.72,C1058355363,22750.0,14988.28,C1075223067,0.0,7761.72,0,0
40,PAYMENT,7498.19,C2139909244,90881.0,83382.81,M727343595,0.0,0.0,0,0
40,CASH_OUT,210578.53,C350449862,83382.81,0.0,C1608175085,1830790.8,2041369.34,0,0
40,CASH_IN,151929.48,C44405465,31309.0,183238.48,C701546927,4851632.74,4699703.26,0,0
40,CASH_IN,211927.62,C517403005,55661.0,267588.62,C275237055,0.0,0.0,0,0
40,PAYMENT,18183.94,C1719373429,7222.0,0.0,M1771153212,0.0,0.0,0,0
40,CASH_OUT,237184.22,C1200411533,83339.0,0.0,C1265660495,544846.14,782030.36,0,0
40,PAYMENT,13668.68,C1861783320,49508.0,35839.32,M1414184084,0.0,0.0,0,0
40,CASH_OUT,318499.96,C814111078,91553.0,0.0,C1752541875,173289.17,298461.36,0,0
40,PAYMENT,506.44,C288879680,11150.0,10643.56,M1000155441,0.0,0.0,0,0
40,PAYMENT,4173.31,C976391370,64617.0,60443.69,M947765123,0.0,0.0,0,0
40,TRANSFER,319367.02,C382126392,178.0,0.0,C1180282272,3647158.6,3966525.62,0,0
40,CASH_IN,198639.93,C1145089648,14861.0,213500.93,C1930889045,637060.89,583260.65,0,0
40,CASH_IN,284598.88,C1782202094,19701.0,304299.88,C1899017066,2610304.16,2325705.28,0,0
40,PAYMENT,4801.43,C1072563597,304299.88,299498.45,M532780097,0.0,0.0,0,0
40,PAYMENT,7964.33,C1580436199,24543.0,16578.67,M1707414145,0.0,0.0,0,0
40,CASH_OUT,295148.24,C717791705,14824.0,0.0,C1905342434,1532939.07,1828087.31,0,0
40,CASH_OUT,157367.79,C968383325,11978.0,0.0,C2054750809,0.0,157367.79,0,0
40,CASH_OUT,155773.83,C2073987647,102127.0,0.0,C1086573267,11605.0,133851.8,0,0
40,CASH_IN,391577.05,C906153687,10506.0,402083.05,C1895534619,5596245.55,4962925.92,0,0
40,CASH_OUT,188566.23,C1504409511,402083.05,213516.83,C604838394,666636.59,855202.82,0,0
40,CASH_OUT,291531.07,C573750652,213516.83,0.0,C1412572692,740456.09,1339408.23,0,0
40,CASH_OUT,94752.06,C762446967,19825.0,0.0,C475672339,0.0,94752.06,0,0
40,CASH_OUT,54953.82,C228987768,18806.0,0.0,C735074231,444144.9,515951.54,0,0
40,CASH_OUT,174527.04,C254954276,330064.0,155536.96,C507129423,117773.23,0.0,0,0
40,CASH_IN,27803.56,C945610467,30066.0,57869.56,C194116009,3044473.85,3016670.29,0,0
40,CASH_OUT,230369.74,C87045155,63627.0,0.0,C570126310,82882.6,313252.34,0,0
40,CASH_OUT,26690.69,C942725678,269.0,0.0,C1814816899,9997.83,36688.52,0,0
40,CASH_IN,306318.36,C625401191,60796.0,367114.36,C1320812458,45077.64,0.0,0,0
40,CASH_IN,279683.78,C2066986218,34466.0,314149.78,C303035587,1054417.29,774733.51,0,0
40,CASH_OUT,159877.45,C2133202563,314149.78,154272.33,C607767691,576187.0,736064.45,0,0
40,PAYMENT,17180.87,C1098470115,752.0,0.0,M1388773966,0.0,0.0,0,0
40,CASH_OUT,194819.78,C875915288,61698.0,0.0,C1489118044,347967.63,542787.41,0,0
40,CASH_OUT,124648.26,C2078859795,0.0,0.0,C1560436920,1799030.86,1923679.12,0,0
40,TRANSFER,1095746.77,C1879923143,51284.0,0.0,C1829571687,0.0,1095746.77,0,0
40,CASH_OUT,129993.41,C439542010,2001.0,0.0,C1775890892,342651.21,472644.62,0,0
40,CASH_OUT,74688.12,C89669132,40365.0,0.0,C202675260,4396187.39,4781743.29,0,0
40,CASH_OUT,264896.0,C958184654,50921.0,0.0,C1227819239,128469.5,393365.51,0,0
40,CASH_OUT,988.77,C591726923,11195.0,10206.23,C1700281295,107405.53,108394.3,0,0
40,PAYMENT,51239.14,C788334825,0.0,0.0,M1787947876,0.0,0.0,0,0
40,PAYMENT,7865.41,C909627444,0.0,0.0,M1026787560,0.0,0.0,0,0
40,CASH_OUT,158840.91,C2077193703,5313.0,0.0,C894668219,0.0,158840.91,0,0
40,PAYMENT,10131.92,C518028081,0.0,0.0,M383692457,0.0,0.0,0,0
40,PAYMENT,17424.16,C923471954,0.0,0.0,M929770265,0.0,0.0,0,0
40,CASH_IN,138495.77,C718272310,104692.0,243187.77,C968531145,2073024.85,1934529.08,0,0
40,PAYMENT,9681.55,C1233633056,353.0,0.0,M652324802,0.0,0.0,0,0
40,PAYMENT,19197.07,C1211923428,147689.0,128491.93,M488592274,0.0,0.0,0,0
40,PAYMENT,12949.19,C1771405742,128491.93,115542.74,M1109503201,0.0,0.0,0,0
40,PAYMENT,5127.31,C1776884762,115542.74,110415.42,M235753846,0.0,0.0,0,0
40,PAYMENT,7044.99,C1263548904,110415.42,103370.43,M72991431,0.0,0.0,0,0
40,PAYMENT,4235.43,C628168602,103370.43,99135.0,M1100178595,0.0,0.0,0,0
40,PAYMENT,2779.68,C189176320,99135.0,96355.32,M1094925909,0.0,0.0,0,0
40,PAYMENT,2341.64,C1822632992,96355.32,94013.68,M911211371,0.0,0.0,0,0
40,PAYMENT,16420.92,C157737272,94013.68,77592.75,M1359988695,0.0,0.0,0,0
40,PAYMENT,1300.97,C607663098,77592.75,76291.78,M1835335861,0.0,0.0,0,0
40,PAYMENT,2928.49,C1395938048,76291.78,73363.29,M2091517902,0.0,0.0,0,0
40,PAYMENT,4633.16,C434654274,73363.29,68730.14,M1548588898,0.0,0.0,0,0
40,PAYMENT,5653.85,C764437432,68730.14,63076.28,M19432883,0.0,0.0,0,0
40,PAYMENT,12747.48,C1517900680,63076.28,50328.8,M1790916898,0.0,0.0,0,0
40,PAYMENT,24727.48,C1151076974,50328.8,25601.33,M31201875,0.0,0.0,0,0
40,CASH_OUT,234997.54,C287960307,165203.0,0.0,C139784625,78492.13,313489.67,0,0
40,CASH_OUT,417826.58,C38580701,14790.0,0.0,C265178031,226256.32,644082.9,0,0
40,CASH_OUT,465445.08,C640091264,0.0,0.0,C910384055,2138033.09,2086219.36,0,0
40,CASH_OUT,123282.55,C1204329621,50899.0,0.0,C99451425,105003.05,228285.6,0,0
40,CASH_OUT,90833.67,C433630955,6416.0,0.0,C1297893283,822827.64,913661.31,0,0
40,CASH_IN,270923.03,C2122135124,463867.0,734790.03,C685361199,0.0,0.0,0,0
40,PAYMENT,16711.68,C1625308703,734790.03,718078.35,M1674525346,0.0,0.0,0,0
40,PAYMENT,13567.04,C1069318086,718078.35,704511.31,M686039539,0.0,0.0,0,0
40,CASH_OUT,303071.33,C1226170934,164987.0,0.0,C1226435000,287005.76,590077.09,0,0
40,TRANSFER,124126.1,C1402330012,19936.0,0.0,C1712934588,9764.51,133890.62,0,0
40,PAYMENT,4984.44,C252431463,0.0,0.0,M107585484,0.0,0.0,0,0
40,PAYMENT,12243.1,C1619777893,0.0,0.0,M499099603,0.0,0.0,0,0
40,PAYMENT,8975.53,C1283864823,128497.0,119521.47,M115038548,0.0,0.0,0,0
40,CASH_IN,155523.25,C950401051,14295.0,169818.25,C13459888,956595.82,801072.57,0,0
40,CASH_IN,3775.63,C1489261027,715.0,4490.63,C1364068376,66569.38,62793.75,0,0
40,PAYMENT,6019.83,C637049740,4490.63,0.0,M2041935774,0.0,0.0,0,0
40,CASH_OUT,428342.38,C1850162579,333.0,0.0,C1864004098,119653.4,547995.79,0,0
40,CASH_OUT,40570.45,C343286513,19489.0,0.0,C1984061777,218679.42,259249.87,0,0
40,PAYMENT,3003.98,C1974726408,62925.0,59921.02,M661155751,0.0,0.0,0,0
40,CASH_OUT,440353.87,C1880388988,59921.02,0.0,C409280540,515519.27,955873.14,0,0
40,CASH_OUT,192640.49,C1431351333,12029.0,0.0,C1324300331,0.0,192640.49,0,0
40,CASH_OUT,193678.59,C1064427048,41792.0,0.0,C1276892569,7319869.89,7513548.48,0,0
40,CASH_OUT,91556.18,C1535150902,27769.0,0.0,C1916171885,136300.61,227856.79,0,0
40,PAYMENT,9775.61,C149727919,0.0,0.0,M1491989007,0.0,0.0,0,0
40,CASH_IN,649663.75,C1767696292,196.0,649859.75,C308484865,2189523.97,1539860.23,0,0
40,PAYMENT,11718.55,C920258690,1094.0,0.0,M1536058660,0.0,0.0,0,0
40,PAYMENT,14489.0,C1824819664,19899.0,5410.0,M1646998059,0.0,0.0,0,0
40,CASH_OUT,330888.4,C72595700,62.0,0.0,C987605459,325750.72,656639.12,0,0
40,CASH_IN,303493.13,C744245791,30412.0,333905.13,C47316902,34638.23,0.0,0,0
40,CASH_OUT,473802.9,C1679739981,30050.0,0.0,C94455931,64364.42,635282.69,0,0
40,TRANSFER,1460175.59,C1604255887,0.0,0.0,C1570399818,1758312.81,3218488.4,0,0
40,TRANSFER,637126.48,C1175623568,0.0,0.0,C417682709,645335.69,1282462.18,0,0
40,TRANSFER,172563.3,C147862015,0.0,0.0,C1319985034,559652.01,732215.31,0,0
40,TRANSFER,188321.35,C448718860,0.0,0.0,C1201707673,440628.64,628949.99,0,0
40,TRANSFER,535171.94,C1023543468,0.0,0.0,C561341464,1164212.06,1699384.0,0,0
40,TRANSFER,163184.94,C1878963851,0.0,0.0,C295879585,310693.77,473878.71,0,0
40,TRANSFER,227802.51,C1713909058,0.0,0.0,C1210434315,5025178.52,5252981.03,0,0
40,TRANSFER,206887.35,C188434179,0.0,0.0,C924058473,1569541.65,1776429.0,0,0
40,TRANSFER,433335.5,C642869664,0.0,0.0,C749524318,4851447.27,5284782.77,0,0
40,TRANSFER,156667.79,C1015138575,0.0,0.0,C1176045015,4394437.14,4551104.93,0,0
40,TRANSFER,335921.24,C459579872,0.0,0.0,C1718263860,1041254.96,1377176.2,0,0
40,TRANSFER,326413.87,C1253506768,0.0,0.0,C1453382929,3213930.37,3540344.24,0,0
40,TRANSFER,454793.99,C1728549455,0.0,0.0,C1141275429,987051.83,1441845.82,0,0
40,TRANSFER,2699138.5,C1434248721,0.0,0.0,C1304345230,12772366.44,15471504.94,0,0
40,CASH_OUT,119514.3,C1797863167,19826.0,0.0,C119813545,44906.0,164420.3,0,0
40,CASH_IN,21552.4,C370414900,10938.0,32490.4,C1626764360,0.0,0.0,0,0
40,CASH_OUT,152795.6,C1306163283,523.0,0.0,C939583599,841166.53,993962.13,0,0
40,PAYMENT,390.93,C2141471639,0.0,0.0,M1570245714,0.0,0.0,0,0
40,PAYMENT,4874.58,C1796411232,0.0,0.0,M1964374705,0.0,0.0,0,0
40,PAYMENT,31806.24,C678475647,65017.0,33210.76,M890750143,0.0,0.0,0,0
40,CASH_OUT,301612.65,C1183622514,13908.0,0.0,C95735313,1975709.56,2558616.02,0,0
40,CASH_OUT,8334.29,C479596384,46655.0,38320.71,C1079562330,0.0,8334.29,0,0
40,CASH_IN,124690.5,C829458626,121563.0,246253.5,C1403904037,503433.3,378742.8,0,0
40,CASH_IN,403468.63,C986284143,100540.0,504008.63,C1335348539,823993.45,420524.82,0,0
40,CASH_OUT,174014.7,C432866673,69543.0,0.0,C1791646113,4059600.87,4233615.57,0,0
40,CASH_OUT,123195.82,C898425895,817.0,0.0,C28924122,594319.08,717514.9,0,0
40,CASH_OUT,167670.12,C1006796,50387.0,0.0,C446804469,932585.24,1100255.36,0,0
40,PAYMENT,13248.95,C1983082074,0.0,0.0,M128195424,0.0,0.0,0,0
40,CASH_IN,194140.22,C1440447087,15067.0,209207.22,C1924120415,272745.06,78604.84,0,0
40,CASH_OUT,19055.06,C793290020,517.0,0.0,C896387136,322144.64,341199.7,0,0
40,TRANSFER,74266.16,C1113874217,25016.0,0.0,C1011907162,0.0,74266.16,0,0
40,PAYMENT,17840.81,C1706832670,639.0,0.0,M1798972868,0.0,0.0,0,0
40,CASH_OUT,277891.5,C20040706,574054.0,296162.5,C147764228,273269.74,551161.24,0,0
40,CASH_IN,530709.94,C1640777242,65108.0,595817.94,C1608769116,0.0,0.0,0,0
40,PAYMENT,15914.31,C1710009854,21088.0,5173.69,M1598206082,0.0,0.0,0,0
40,TRANSFER,149948.09,C1352410804,5173.69,0.0,C36794671,919887.29,1069835.38,0,0
40,CASH_OUT,55074.82,C1399014955,6830.0,0.0,C814819962,1072987.31,1128062.13,0,0
40,CASH_IN,233873.07,C1407226596,72169.0,306042.07,C798731138,323258.05,89384.99,0,0
40,PAYMENT,5018.15,C434962106,469.0,0.0,M687129269,0.0,0.0,0,0
40,PAYMENT,21570.48,C1643088798,64337.0,42766.52,M919552757,0.0,0.0,0,0
40,CASH_IN,261318.35,C1210610616,108700.0,370018.35,C1049515932,53289.67,0.0,0,0
40,TRANSFER,688138.73,C1179115874,53279.0,0.0,C1132568435,559802.75,1309207.15,0,0
40,CASH_OUT,92619.55,C1542005071,155641.0,63021.45,C413898878,0.0,92619.55,0,0
40,PAYMENT,28882.86,C394074157,550.0,0.0,M474160329,0.0,0.0,0,0
40,PAYMENT,8569.94,C1702277842,50347.0,41777.06,M2005341290,0.0,0.0,0,0
40,CASH_OUT,36815.61,C147113671,41777.06,4961.46,C1958514054,436044.67,472860.28,0,0
40,CASH_OUT,327920.02,C216348226,109.0,0.0,C457057084,270397.27,598317.29,0,0
40,CASH_OUT,4121.36,C1549133102,0.0,0.0,C1254481624,72468.54,76589.9,0,0
40,PAYMENT,18155.52,C331259530,32878.0,14722.48,M1029869764,0.0,0.0,0,0
40,PAYMENT,10795.98,C412149260,112581.0,101785.02,M1805589669,0.0,0.0,0,0
40,CASH_OUT,398799.28,C204637586,5854.0,0.0,C1552603831,2756169.12,3154968.4,0,0
40,CASH_OUT,297625.95,C637522016,59970.0,0.0,C1350233960,91288.56,130022.25,0,0
40,CASH_IN,6374.06,C977334869,0.0,6374.06,C1855016651,351238.9,344864.84,0,0
40,CASH_IN,193722.95,C690600844,6374.06,200097.01,C312300547,577801.17,384078.23,0,0
40,PAYMENT,1743.69,C833598766,200534.0,198790.31,M1778913195,0.0,0.0,0,0
40,CASH_OUT,138577.59,C1474792165,221738.0,83160.41,C1659754030,0.0,138577.59,0,0
40,CASH_OUT,487872.73,C863415886,499783.0,11910.27,C520636290,0.0,487872.73,0,0
40,CASH_IN,258471.85,C2143054795,11910.27,270382.11,C1597149399,3155784.27,2897312.43,0,0
40,CASH_OUT,80999.85,C1440962240,94838.0,13838.15,C2132243344,1028384.1,1109383.95,0,0
40,PAYMENT,11908.65,C1043881531,13838.15,1929.5,M951751532,0.0,0.0,0,0
40,CASH_OUT,92902.89,C608454019,258061.0,165158.11,C1274463883,115002.42,207905.32,0,0
40,CASH_IN,129685.7,C1809728157,133170.0,262855.7,C861794315,0.0,0.0,0,0
40,PAYMENT,20739.67,C392892507,6096.0,0.0,M2074529833,0.0,0.0,0,0
40,PAYMENT,21263.14,C2110319235,10216.0,0.0,M1679525133,0.0,0.0,0,0
40,PAYMENT,19213.97,C725461021,0.0,0.0,M1716978379,0.0,0.0,0,0
40,CASH_OUT,489277.69,C1559326832,51607.0,0.0,C1903512796,0.0,489277.69,0,0
40,PAYMENT,12290.12,C1685763342,10481.0,0.0,M574719196,0.0,0.0,0,0
40,CASH_OUT,61685.35,C2086574853,407.0,0.0,C1118200666,0.0,61685.35,0,0
40,CASH_OUT,401747.3,C729486862,51941.0,0.0,C1687878341,194706.64,596453.93,0,0
40,TRANSFER,445877.59,C437781674,0.0,0.0,C228596145,1042567.13,1488444.71,0,0
40,TRANSFER,1194020.5,C877728849,0.0,0.0,C1853914125,3418417.62,4612438.11,0,0
40,TRANSFER,166235.73,C1012873069,0.0,0.0,C2028470753,353908.05,520143.78,0,0
40,TRANSFER,163045.41,C1332190606,0.0,0.0,C85211554,192922.67,656917.06,0,0
40,TRANSFER,128889.05,C352382364,0.0,0.0,C1848310967,1043135.81,1507774.4,0,0
40,TRANSFER,65597.32,C701468913,0.0,0.0,C1046913479,976456.29,1042053.61,0,0
40,TRANSFER,238439.19,C1827553018,0.0,0.0,C2014895113,710637.89,952568.33,0,0
40,TRANSFER,531800.24,C529945860,0.0,0.0,C1345326511,1809948.29,2341748.53,0,0
40,TRANSFER,185114.44,C224929639,0.0,0.0,C2019977737,298704.95,483819.39,0,0
40,TRANSFER,164061.2,C1492481571,0.0,0.0,C285393966,973725.24,1213286.65,0,0
40,TRANSFER,180682.59,C1173461545,0.0,0.0,C1616021043,574216.82,754899.41,0,0
40,TRANSFER,390384.94,C1759693286,0.0,0.0,C814844827,1542723.59,1933108.53,0,0
40,TRANSFER,931899.7,C620599426,0.0,0.0,C93858290,3338430.98,4270330.69,0,0
40,TRANSFER,1519170.89,C1472898640,0.0,0.0,C19067339,1842192.1,3569457.09,0,0
40,TRANSFER,1004586.84,C514018898,0.0,0.0,C575665687,1705153.32,2709740.16,0,0
40,TRANSFER,900084.05,C1626343833,0.0,0.0,C1538760719,2153496.45,3053580.5,0,0
40,TRANSFER,1067343.62,C679589005,0.0,0.0,C95423842,1238110.33,2305453.95,0,0
40,TRANSFER,785950.43,C721121259,0.0,0.0,C549582084,1204663.28,1990613.71,0,0
40,TRANSFER,44549.09,C783185208,0.0,0.0,C475121529,283983.62,328532.71,0,0
40,TRANSFER,1311728.02,C1324486069,0.0,0.0,C927187190,1624338.48,2936066.5,0,0
40,TRANSFER,868655.59,C1811082554,0.0,0.0,C120376076,1185882.23,2054537.82,0,0
40,PAYMENT,38020.53,C436683672,21703.0,0.0,M1197335125,0.0,0.0,0,0
40,CASH_IN,193732.84,C429703342,79663.0,273395.84,C1802281241,462394.97,268662.13,0,0
40,PAYMENT,13119.16,C1702589850,124110.0,110990.84,M1170272558,0.0,0.0,0,0
40,CASH_IN,94523.74,C1839725705,31900.0,126423.74,C954779390,736475.99,641952.25,0,0
40,PAYMENT,21424.34,C306305059,126423.74,104999.4,M749250644,0.0,0.0,0,0
40,PAYMENT,11930.35,C1856202094,13910.0,1979.65,M1018339207,0.0,0.0,0,0
40,CASH_OUT,5955.79,C539941106,1979.65,0.0,C942226723,621826.18,690269.64,0,0
40,CASH_OUT,38254.96,C1236090539,0.0,0.0,C708417406,532176.71,570431.67,0,0
40,CASH_OUT,96108.42,C1011919589,0.0,0.0,C619597967,148851.6,221857.82,0,0
40,CASH_OUT,353268.41,C347489359,0.0,0.0,C460086051,2148202.08,2382243.54,0,0
40,CASH_OUT,31017.34,C1107949411,0.0,0.0,C1220448880,1392794.71,1423812.05,0,0
40,CASH_OUT,153210.18,C1651626479,0.0,0.0,C1964390106,1445660.91,1598871.09,0,0
40,CASH_OUT,13157.36,C1540311238,0.0,0.0,C1336198637,2707399.73,2720557.09,0,0
40,CASH_OUT,125143.34,C2105404364,0.0,0.0,C1064868912,2458998.9,2584142.24,0,0
40,CASH_OUT,106665.07,C1883421167,0.0,0.0,C453524805,485133.13,591798.2,0,0
40,CASH_OUT,278226.26,C483455137,0.0,0.0,C1119983443,3816090.2,4094316.46,0,0
40,CASH_OUT,176919.77,C1031279237,0.0,0.0,C1361717036,451564.38,628484.15,0,0
40,CASH_OUT,141537.79,C801746285,0.0,0.0,C103242591,217844.01,359381.81,0,0
40,CASH_OUT,28399.27,C1252123834,0.0,0.0,C1919961679,41148.05,69547.32,0,0
40,CASH_OUT,29879.62,C1374638263,0.0,0.0,C832699329,687157.95,717037.57,0,0
40,CASH_OUT,320726.65,C746495029,0.0,0.0,C1213003500,1459384.8,1780111.45,0,0
40,CASH_OUT,478001.53,C1321135634,0.0,0.0,C1740309821,835953.65,1313955.19,0,0
40,CASH_OUT,230966.62,C201279307,0.0,0.0,C43584840,4539493.5,4787516.32,0,0
40,CASH_OUT,363906.69,C540984427,0.0,0.0,C1474271222,412847.5,776754.18,0,0
40,CASH_OUT,197748.37,C2029615981,0.0,0.0,C669125918,435679.78,633428.15,0,0
40,CASH_OUT,126080.14,C1091490846,0.0,0.0,C1674899618,21969539.04,22244648.26,0,0
40,CASH_OUT,268309.13,C809113195,0.0,0.0,C1125460834,757493.13,1025802.26,0,0
40,CASH_OUT,264506.42,C1718718875,0.0,0.0,C74252490,325034.35,589540.77,0,0
40,TRANSFER,749071.8,C1432398891,338713.0,0.0,C1613885669,0.0,749071.8,0,0
40,PAYMENT,4465.86,C1652108477,0.0,0.0,M34666455,0.0,0.0,0,0
40,PAYMENT,7430.82,C1745306439,0.0,0.0,M945204120,0.0,0.0,0,0
40,PAYMENT,21922.6,C325149931,0.0,0.0,M373987103,0.0,0.0,0,0
40,PAYMENT,470.3,C1149629418,0.0,0.0,M1233291913,0.0,0.0,0,0
40,CASH_IN,172782.2,C1365043566,62355.0,235137.2,C1479450980,10349815.41,12303034.54,0,0
40,CASH_OUT,150586.6,C334265909,11661.0,0.0,C838851247,926308.35,1076894.95,0,0
40,CASH_OUT,259011.81,C2015216897,31716.0,0.0,C1080377953,0.0,259011.81,0,0
40,CASH_OUT,213632.04,C622251593,30586.0,0.0,C549099545,1229116.08,1442748.11,0,0
40,PAYMENT,3296.9,C330777628,11621.0,8324.1,M1675271561,0.0,0.0,0,0
40,CASH_OUT,157523.46,C1979283774,1053.0,0.0,C380857119,1038658.43,1196181.89,0,0
40,TRANSFER,27580.51,C1712227662,167378.83,139798.32,C1897172546,1535702.42,1563282.94,0,0
40,PAYMENT,5946.52,C1336982071,139798.32,133851.8,M2024886429,0.0,0.0,0,0
40,CASH_OUT,24072.09,C1186981436,953.0,0.0,C1032903367,322747.72,346819.81,0,0
40,CASH_OUT,151269.98,C1418280784,1661.0,0.0,C535943619,41213.9,192483.88,0,0
40,PAYMENT,14977.62,C505566964,232373.0,217395.38,M1826998293,0.0,0.0,0,0
40,TRANSFER,473183.42,C1439845811,507.0,0.0,C1981345204,104240.08,577423.5,0,0
40,CASH_IN,232255.35,C1220320230,10813.0,243068.35,C1222966185,4775562.51,4543307.16,0,0
40,PAYMENT,17157.27,C1151721971,243068.35,225911.08,M104999954,0.0,0.0,0,0
40,CASH_OUT,442661.16,C1102726844,23408.0,0.0,C1298010990,107509.68,550170.83,0,0
40,CASH_IN,54873.1,C1844807366,442298.0,497171.1,C2019863473,593115.58,538242.48,0,0
40,PAYMENT,21212.51,C104093938,25678.0,4465.49,M285329050,0.0,0.0,0,0
40,CASH_IN,346614.61,C35515808,209642.33,556256.94,C314364754,0.0,0.0,0,0
40,PAYMENT,4384.17,C1126140051,556256.94,551872.77,M1732819914,0.0,0.0,0,0
40,CASH_OUT,155901.98,C2019722415,1069.0,0.0,C1642245070,1731994.01,1887895.99,0,0
40,CASH_IN,231955.34,C360646382,2504.0,234459.34,C486514924,421773.01,189817.68,0,0
40,CASH_OUT,213346.9,C714825666,234459.34,21112.43,C294142662,2858710.02,3072056.92,0,0
40,TRANSFER,853670.52,C145696688,47630.0,0.0,C1988825309,302599.72,1320412.61,0,0
40,CASH_OUT,299212.27,C1678020086,30279.0,0.0,C57139952,1199625.06,1498837.33,0,0
40,PAYMENT,20877.94,C153206766,3.0,0.0,M2041877575,0.0,0.0,0,0
40,CASH_OUT,410257.46,C148356710,31666.0,0.0,C508143243,0.0,269246.2,0,0
40,PAYMENT,15587.95,C1224534455,0.0,0.0,M1277620617,0.0,0.0,0,0
40,CASH_OUT,397912.3,C292373222,16965.0,0.0,C1807960856,0.0,397912.3,0,0
40,PAYMENT,18717.99,C620554787,0.0,0.0,M199368282,0.0,0.0,0,0
40,CASH_OUT,209514.23,C1882393622,20803.0,0.0,C1936925340,211679.76,421193.99,0,0
40,PAYMENT,11533.22,C187828868,0.0,0.0,M1222399027,0.0,0.0,0,0
40,CASH_OUT,542879.51,C1406632892,123422.0,0.0,C2081153634,0.0,542879.51,0,0
40,PAYMENT,7092.24,C996959852,149351.0,142258.76,M546389423,0.0,0.0,0,0
40,TRANSFER,834117.7,C172394562,153.0,0.0,C1958042577,162257.35,996375.04,0,0
40,CASH_OUT,431289.61,C1700999381,9910.0,0.0,C1114116995,0.0,431289.61,0,0
40,CASH_OUT,106336.1,C1038378259,20596.0,0.0,C608170125,718859.52,825195.62,0,0
40,PAYMENT,1878.47,C338774853,0.0,0.0,M713807129,0.0,0.0,0,0
40,CASH_OUT,229736.89,C1444068613,106.0,0.0,C378081024,982976.08,1342494.27,0,0
40,CASH_OUT,83326.7,C1212192297,267429.0,184102.3,C781340672,0.0,309412.53,0,0
40,CASH_OUT,85480.54,C1454741255,73.0,0.0,C152850391,0.0,85480.54,0,0
40,CASH_OUT,317824.14,C576893909,0.0,0.0,C1564258072,664950.67,982774.8,0,0
40,PAYMENT,8398.42,C1641797641,41272.0,32873.58,M761723845,0.0,0.0,0,0
40,CASH_OUT,10609.16,C1460755649,5043.0,0.0,C136107964,1399343.74,1174251.03,0,0
40,PAYMENT,21945.34,C1624945133,0.0,0.0,M1602106991,0.0,0.0,0,0
40,CASH_OUT,274494.03,C1172063894,50538.0,0.0,C542789007,5063160.22,5337654.25,0,0
40,CASH_OUT,90200.97,C418839992,0.0,0.0,C285719519,557221.23,647422.2,0,0
40,CASH_OUT,289138.59,C756445842,0.0,0.0,C179706450,722047.19,1011185.79,0,0
40,PAYMENT,16047.66,C66446353,29887.21,13839.55,M607840783,0.0,0.0,0,0
40,PAYMENT,8701.81,C193910797,13839.55,5137.74,M353548556,0.0,0.0,0,0
40,PAYMENT,11520.21,C971702995,114854.0,103333.79,M1257438579,0.0,0.0,0,0
40,CASH_OUT,254986.26,C935398032,10808.0,0.0,C695008156,178737.39,433723.65,0,0
40,CASH_OUT,212919.7,C932908989,7078.0,0.0,C1859022150,719464.68,1556309.2,0,0
40,PAYMENT,1902.67,C1443331591,15708.0,13805.33,M197335249,0.0,0.0,0,0
40,CASH_OUT,56806.7,C879298227,323803.0,266996.3,C542201538,417309.43,474116.13,0,0
40,PAYMENT,697.35,C1541407076,266996.3,266298.96,M922401625,0.0,0.0,0,0
40,CASH_OUT,436995.4,C636238023,250623.0,0.0,C1171081294,0.0,436995.4,0,0
40,CASH_OUT,120240.45,C1506602583,8178.0,0.0,C1210489031,888830.4,1078153.93,0,0
40,PAYMENT,9709.26,C41697067,0.0,0.0,M1631550542,0.0,0.0,0,0
40,CASH_OUT,190644.68,C634473134,14937.0,0.0,C1915988697,1752726.19,1943370.87,0,0
40,CASH_OUT,79602.9,C466724373,0.0,0.0,C1434872236,246237.38,325840.28,0,0
40,CASH_OUT,663088.93,C2016892707,45410.0,0.0,C1155838705,0.0,663088.93,0,0
40,CASH_IN,34561.52,C1659935079,542405.0,576966.52,C754368040,74807.77,40246.25,0,0
40,PAYMENT,4549.11,C1306213293,19936.0,15386.89,M1529666829,0.0,0.0,0,0
40,PAYMENT,5164.76,C434116356,43777.0,38612.24,M2143129342,0.0,0.0,0,0
40,PAYMENT,13353.49,C1798296823,11862.0,0.0,M1456912426,0.0,0.0,0,0
40,CASH_IN,537511.44,C1335348675,15561.0,553072.44,C2024947566,126290.1,0.0,0,0
40,CASH_IN,440621.39,C1557029041,74609.0,515230.39,C1203223138,0.0,0.0,0,0
40,TRANSFER,687503.47,C1238601651,515230.39,0.0,C1292179523,1361848.1,2049351.57,0,0
40,CASH_OUT,289394.2,C715614539,21032.0,0.0,C1281442496,52249.71,341643.91,0,0
40,PAYMENT,764.36,C1529827337,0.0,0.0,M1959487541,0.0,0.0,0,0
40,PAYMENT,5847.64,C556846856,0.0,0.0,M810288980,0.0,0.0,0,0
40,TRANSFER,308512.63,C289584716,103070.0,0.0,C1619434640,7492125.59,7800638.22,0,0
40,CASH_OUT,132935.94,C1046998673,23631.0,0.0,C1329760387,1886484.86,2019420.8,0,0
40,PAYMENT,6041.69,C419966682,6863.0,821.31,M1227815944,0.0,0.0,0,0
40,PAYMENT,15409.8,C1297798071,821.31,0.0,M1279836139,0.0,0.0,0,0
40,PAYMENT,5669.53,C342763078,29834.0,24164.47,M715015807,0.0,0.0,0,0
40,CASH_OUT,205517.51,C826474480,5350.0,0.0,C1064143575,1931993.24,2137510.75,0,0
40,CASH_IN,436275.88,C947698132,102257.0,538532.88,C1288273608,0.0,0.0,0,0
40,PAYMENT,481.33,C1573254283,888.0,406.67,M87096562,0.0,0.0,0,0
40,CASH_OUT,289145.38,C590032603,169286.0,0.0,C1481186556,308973.69,598119.07,0,0
40,CASH_OUT,123744.86,C2118418803,157.0,0.0,C1059320394,31634.68,155379.54,0,0
40,TRANSFER,217063.74,C215438236,78391.0,0.0,C1367999554,843169.09,1060232.84,0,0
40,CASH_OUT,60748.73,C235071896,0.0,0.0,C1533329245,989268.15,1050016.87,0,0
40,CASH_OUT,214063.51,C1948599157,0.0,0.0,C882142272,2479808.37,2693871.88,0,0
40,PAYMENT,3857.64,C783293339,21041.0,17183.36,M407762530,0.0,0.0,0,0
40,CASH_OUT,313816.31,C18518746,34.0,0.0,C1201185228,8681525.43,9251237.9,0,0
40,CASH_IN,180150.3,C1601849191,41558.0,221708.3,C413637490,9203638.82,9023488.52,0,0
40,CASH_IN,164363.09,C1899553744,31541.0,195904.09,C1198856669,0.0,0.0,0,0
40,CASH_OUT,86789.76,C112326003,21570.0,0.0,C754963864,0.0,86789.76,0,0
40,CASH_OUT,403748.22,C1407728445,142856.0,0.0,C1739176782,0.0,403748.22,0,0
40,CASH_OUT,528369.91,C1579425624,35392.0,0.0,C714051433,2899697.45,3428067.36,0,0
40,TRANSFER,702981.33,C1756647727,15806.0,0.0,C2003968369,0.0,702981.33,0,0
40,TRANSFER,826294.52,C1629960999,20342.0,0.0,C629599440,561611.47,2341614.13,0,0
40,CASH_OUT,60685.78,C1938085357,20612.0,0.0,C1300850299,0.0,60685.78,0,0
40,PAYMENT,14328.16,C220514842,0.0,0.0,M1196675000,0.0,0.0,0,0
40,CASH_IN,53882.7,C536160886,49381.0,103263.7,C972978173,1089464.27,1035581.57,0,0
40,CASH_OUT,134112.6,C1242279896,103263.7,0.0,C1548355558,884822.47,1018935.07,0,0
40,CASH_OUT,107482.81,C1641334937,0.0,0.0,C185152022,125553.31,233036.12,0,0
40,CASH_OUT,229128.39,C950269204,0.0,0.0,C1600130831,404775.09,633903.48,0,0
40,CASH_OUT,234065.77,C238280428,0.0,0.0,C150085983,1789336.78,2023402.55,0,0
40,CASH_OUT,135426.25,C424793501,0.0,0.0,C439892851,682086.28,817512.53,0,0
40,CASH_OUT,68891.56,C1585862190,0.0,0.0,C1623032912,134670.53,203562.1,0,0
40,CASH_OUT,62523.46,C2032800703,0.0,0.0,C873366649,192247.9,254771.36,0,0
40,CASH_OUT,55287.21,C1778280136,0.0,0.0,C1465464747,497947.67,553234.88,0,0
40,CASH_OUT,136160.6,C2115283799,0.0,0.0,C331438516,744049.78,798685.36,0,0
40,CASH_OUT,59083.17,C315602333,0.0,0.0,C1446304183,2482120.51,2541203.68,0,0
40,CASH_OUT,162829.19,C995228560,0.0,0.0,C996350141,3922336.89,4085166.08,0,0
40,CASH_OUT,190133.78,C553845268,0.0,0.0,C1951228410,196707.06,386840.83,0,0
40,CASH_OUT,31724.93,C2056674160,0.0,0.0,C2112437246,826543.51,858268.45,0,0
40,CASH_OUT,68319.03,C354056930,0.0,0.0,C1462987960,200261.24,268580.27,0,0
40,CASH_OUT,211373.66,C564367018,0.0,0.0,C204086290,2166058.67,2377432.32,0,0
40,CASH_OUT,14928.94,C411646760,0.0,0.0,C842548698,491154.33,506083.27,0,0
40,CASH_OUT,56380.3,C1351397010,0.0,0.0,C64174944,239277.22,462107.14,0,0
40,CASH_OUT,143801.01,C377946891,0.0,0.0,C1890392999,2484167.36,2627968.37,0,0
40,CASH_OUT,121298.17,C728504751,0.0,0.0,C771404135,2306581.99,2289175.07,0,0
40,CASH_OUT,331363.94,C2053973905,0.0,0.0,C1124049355,3232272.96,3563636.89,0,0
40,CASH_OUT,274695.07,C1335950960,0.0,0.0,C1881610091,976481.91,1251176.97,0,0
40,CASH_OUT,82184.22,C1636901844,0.0,0.0,C1600961337,1379997.87,1462182.09,0,0
40,CASH_OUT,27584.57,C721153832,0.0,0.0,C873711114,1138980.85,1166565.42,0,0
40,CASH_OUT,309120.83,C960037961,79358.0,0.0,C1544000930,331606.38,715242.8,0,0
40,PAYMENT,17979.48,C1906454112,0.0,0.0,M432356355,0.0,0.0,0,0
40,PAYMENT,14570.94,C1815220924,0.0,0.0,M500713535,0.0,0.0,0,0
40,PAYMENT,26205.22,C2112464074,150995.0,124789.78,M1308404304,0.0,0.0,0,0
40,PAYMENT,4242.15,C833091233,124789.78,120547.64,M1851902234,0.0,0.0,0,0
40,PAYMENT,18647.81,C1587474408,120547.64,101899.83,M1989701697,0.0,0.0,0,0
40,CASH_IN,863.35,C2013565645,85883.0,86746.35,C566266899,0.0,0.0,0,0
40,PAYMENT,11094.4,C416136654,86746.35,75651.95,M822472848,0.0,0.0,0,0
40,TRANSFER,445949.63,C78288009,20895.0,0.0,C1474245356,539929.66,985879.29,0,0
40,TRANSFER,1241880.96,C1491397675,25821.0,0.0,C1458614442,93340.52,1335221.48,0,0
40,TRANSFER,169294.6,C766642484,329879.0,160584.4,C126243401,160802.2,330096.8,0,0
40,CASH_IN,168313.54,C858652002,49560.0,217873.54,C1375569803,0.0,0.0,0,0
40,CASH_OUT,69427.45,C1676880210,99099.0,29671.55,C1153015561,3611784.32,3681211.77,0,0
40,CASH_IN,196892.25,C470353075,434849.03,631741.28,C169974017,0.0,0.0,0,0
40,PAYMENT,4356.4,C558843311,631741.28,627384.88,M2111138313,0.0,0.0,0,0
40,CASH_IN,372894.77,C118908248,144576.0,517470.77,C854678265,0.0,0.0,0,0
40,PAYMENT,7945.22,C1408161173,517470.77,509525.55,M148344954,0.0,0.0,0,0
40,CASH_IN,200077.94,C1585718859,100051.0,300128.94,C1172683481,0.0,0.0,0,0
40,TRANSFER,703033.49,C1779217510,15873.0,0.0,C849544684,2305418.32,3008451.81,0,0
40,PAYMENT,2054.02,C1340839631,0.0,0.0,M2072742664,0.0,0.0,0,0
40,PAYMENT,15312.27,C71453772,187148.0,171835.73,M190998310,0.0,0.0,0,0
40,CASH_OUT,151442.18,C405587307,31693.0,0.0,C1672845778,1702531.11,1853973.29,0,0
40,PAYMENT,12339.29,C1071173293,6118.0,0.0,M703518006,0.0,0.0,0,0
40,CASH_OUT,294188.37,C825085050,574.0,0.0,C913749301,0.0,294188.37,0,0
40,CASH_IN,79636.2,C1339314345,340659.0,420295.2,C444647547,10566150.61,10486514.41,0,0
40,CASH_IN,284374.78,C905986648,2093.0,286467.78,C2025061207,174721.56,0.0,0,0
40,PAYMENT,16732.92,C1771599563,937.0,0.0,M914958750,0.0,0.0,0,0
40,CASH_OUT,217799.38,C1538615038,12800.86,0.0,C711553116,0.0,217799.38,0,0
40,PAYMENT,31295.92,C1863581010,0.0,0.0,M1167581269,0.0,0.0,0,0
40,PAYMENT,3416.62,C976090272,103355.0,99938.38,M1247799181,0.0,0.0,0,0
40,CASH_OUT,222846.38,C987130617,11469.0,0.0,C2002772621,339134.73,561981.11,0,0
40,CASH_OUT,187608.86,C1085907134,120382.0,0.0,C1680592851,0.0,187608.86,0,0
40,PAYMENT,17965.54,C358929661,59887.0,41921.46,M540162643,0.0,0.0,0,0
40,CASH_OUT,235200.39,C700062990,41921.46,0.0,C936790367,2152697.46,2387897.85,0,0
40,CASH_OUT,168566.48,C613151959,0.0,0.0,C1521571660,1700691.55,1869258.03,0,0
40,CASH_OUT,205556.21,C393944967,0.0,0.0,C2091455373,1605604.05,1811160.26,0,0
40,CASH_OUT,30393.54,C640307097,0.0,0.0,C505493511,104814.35,135207.89,0,0
40,CASH_OUT,14462.53,C1602319423,0.0,0.0,C1777365519,2108225.04,2122687.57,0,0
40,CASH_OUT,97352.54,C609685076,0.0,0.0,C2026752922,876285.28,973637.83,0,0
40,CASH_OUT,132547.75,C1805625982,0.0,0.0,C661729718,6036897.35,6169445.1,0,0
40,CASH_OUT,98411.66,C532510227,0.0,0.0,C87987049,735797.51,1072321.27,0,0
40,CASH_OUT,147050.38,C1263130967,0.0,0.0,C2129380811,453611.23,600661.61,0,0
40,CASH_OUT,75003.84,C1475365828,0.0,0.0,C1123334047,158012.92,233016.76,0,0
40,CASH_OUT,7926.66,C1101715230,0.0,0.0,C1788768048,944370.66,952297.32,0,0
40,CASH_OUT,9121.92,C894643414,0.0,0.0,C1254182177,263598.41,272720.33,0,0
40,CASH_OUT,393489.6,C810928202,0.0,0.0,C1155890259,1886850.45,2280340.06,0,0
40,CASH_OUT,197938.14,C1697520623,0.0,0.0,C682012988,3075874.23,3273812.37,0,0
40,CASH_OUT,67572.96,C1923818099,0.0,0.0,C290865717,4387642.07,4455215.04,0,0
40,CASH_OUT,312162.61,C1580373356,0.0,0.0,C28421418,1638615.42,1950778.03,0,0
40,CASH_OUT,307834.75,C1077612920,0.0,0.0,C409415698,880069.33,1187904.08,0,0
40,CASH_OUT,635400.72,C1440713715,0.0,0.0,C1250115563,1688354.19,2323754.9,0,0
40,CASH_OUT,98084.64,C2127332225,0.0,0.0,C568250601,582189.36,680274.0,0,0
40,CASH_OUT,70558.68,C882897089,0.0,0.0,C207344199,1333121.4,1403680.09,0,0
40,CASH_OUT,421430.0,C750229499,0.0,0.0,C1627093864,990951.84,1759748.2,0,0
40,CASH_OUT,162892.7,C94245261,0.0,0.0,C836856632,1262947.65,1186418.11,0,0
40,CASH_OUT,350050.92,C534006324,0.0,0.0,C283606055,475999.92,826050.84,0,0
40,CASH_OUT,142603.36,C1409726711,0.0,0.0,C2141057389,520251.19,662854.56,0,0
40,CASH_OUT,284149.63,C1142879683,0.0,0.0,C800720969,1059040.81,1356773.35,0,0
40,CASH_OUT,246025.35,C838440628,0.0,0.0,C1000692331,269420.14,515445.48,0,0
40,CASH_OUT,160888.25,C205647701,0.0,0.0,C720180503,1624351.19,1785239.44,0,0
40,CASH_OUT,100629.49,C1843478314,0.0,0.0,C1796655229,571638.75,672268.25,0,0
40,CASH_OUT,164254.7,C1591902136,0.0,0.0,C1041245139,676219.98,840474.68,0,0
40,CASH_OUT,34603.34,C601034470,0.0,0.0,C836558567,236858.09,271461.43,0,0
40,CASH_OUT,26424.61,C543913614,0.0,0.0,C331698141,1091464.64,1117889.26,0,0
40,CASH_OUT,179335.22,C1150752198,0.0,0.0,C166361708,4236165.61,4441279.18,0,0
40,CASH_OUT,121427.3,C163954003,0.0,0.0,C596766244,531101.15,652528.45,0,0
40,CASH_OUT,169809.93,C853157555,0.0,0.0,C743461497,575067.71,744877.64,0,0
40,CASH_OUT,40686.09,C1241442656,0.0,0.0,C974227793,191549.39,232235.49,0,0
40,CASH_OUT,171825.5,C893123772,0.0,0.0,C2049202878,903286.03,1075111.53,0,0
40,CASH_OUT,153848.77,C288415853,0.0,0.0,C1136956307,596065.69,749914.47,0,0
40,CASH_OUT,203158.46,C1924965190,0.0,0.0,C1298258556,584314.58,787473.04,0,0
40,CASH_OUT,56863.22,C1287119256,0.0,0.0,C1556838987,197804.57,254667.79,0,0
40,CASH_OUT,218550.57,C637741742,0.0,0.0,C2115973410,299798.46,518349.03,0,0
40,CASH_OUT,10934.13,C807835019,0.0,0.0,C1606212090,224434.11,235368.23,0,0
40,CASH_OUT,39092.68,C664249946,0.0,0.0,C1873336979,131214.26,170306.95,0,0
40,CASH_OUT,103258.61,C1423915025,0.0,0.0,C1106632730,901507.61,1004766.23,0,0
40,CASH_OUT,244856.4,C1807101566,0.0,0.0,C1199606198,1750566.74,1995423.14,0,0
40,CASH_OUT,159201.49,C1865970766,0.0,0.0,C101081685,3696800.47,3856001.95,0,0
40,CASH_OUT,206570.35,C1963440773,0.0,0.0,C955968694,2347374.56,2553944.91,0,0
40,CASH_OUT,8007.13,C1479875460,0.0,0.0,C969015984,577742.0,585749.14,0,0
40,CASH_OUT,246732.69,C44698402,0.0,0.0,C325981439,2308030.04,2554762.72,0,0
40,CASH_OUT,115769.34,C773625149,0.0,0.0,C1077716990,688566.56,804335.91,0,0
40,CASH_OUT,554768.77,C1720177129,0.0,0.0,C1000351574,1023457.68,1578226.45,0,0
40,CASH_OUT,156883.05,C379457414,0.0,0.0,C86121777,278774.26,796058.22,0,0
40,CASH_OUT,251278.13,C1145042284,0.0,0.0,C1362635797,3857522.58,4387760.9,0,0
40,CASH_OUT,337648.27,C239084971,0.0,0.0,C704024200,10347645.32,10685293.59,0,0
40,CASH_OUT,23819.08,C1443935507,0.0,0.0,C1828464506,500480.07,811909.21,0,0
40,CASH_OUT,272671.64,C815030888,0.0,0.0,C1607284477,762510.28,1035181.92,0,0
40,CASH_OUT,119780.29,C188441987,0.0,0.0,C1944373903,154691.16,274471.45,0,0
40,CASH_OUT,170374.68,C72971314,0.0,0.0,C767846025,3500799.52,3671174.2,0,0
40,CASH_OUT,255083.18,C1462952327,0.0,0.0,C1111981410,835678.54,1593893.03,0,0
40,CASH_OUT,104507.48,C1143365163,0.0,0.0,C866392316,320303.22,424810.7,0,0
40,CASH_OUT,142658.02,C350305361,0.0,0.0,C1787114296,1182209.45,1481892.6,0,0
40,CASH_IN,203942.39,C1540764187,1154.0,205096.39,C854282100,55975.23,0.0,0,0
40,CASH_OUT,146581.25,C464051775,54350.0,0.0,C723361279,2253457.18,2400038.43,0,0
40,PAYMENT,15988.74,C1829309543,0.0,0.0,M1888990755,0.0,0.0,0,0
40,CASH_OUT,467338.95,C440075456,102.0,0.0,C727099944,383211.37,850550.32,0,0
40,TRANSFER,415296.76,C1195341982,954.0,0.0,C1683189629,0.0,542363.47,0,0
40,PAYMENT,21007.5,C1651519018,0.0,0.0,M790342377,0.0,0.0,0,0
40,CASH_OUT,88492.73,C1841608398,48048.0,0.0,C564802404,81362.79,169855.52,0,0
40,CASH_IN,46640.04,C1367595104,50857.0,97497.04,C320227914,4837025.47,4790385.43,0,0
40,CASH_OUT,360070.86,C845262084,107529.0,0.0,C294460886,0.0,360070.86,0,0
40,CASH_IN,157351.73,C1088361795,20542.0,177893.73,C901207518,33588.54,0.0,0,0
40,CASH_OUT,123973.11,C140880208,177893.73,53920.61,C1234429921,574510.34,698483.45,0,0
40,PAYMENT,3896.88,C1198137572,21318.0,17421.12,M2027732096,0.0,0.0,0,0
40,CASH_IN,272524.18,C1074908117,30956.0,303480.18,C2146972618,0.0,0.0,0,0
40,PAYMENT,11118.69,C1704711598,16515.67,5396.98,M1935717625,0.0,0.0,0,0
40,PAYMENT,2659.78,C1858416297,5396.98,2737.21,M549720007,0.0,0.0,0,0
40,CASH_IN,276526.67,C457808084,4196.0,280722.67,C1428797322,1651759.07,1591074.28,0,0
40,CASH_IN,230010.0,C1836593208,461.0,230471.0,C1448700594,0.0,0.0,0,0
40,PAYMENT,2265.95,C714074968,119.0,0.0,M708142073,0.0,0.0,0,0
40,CASH_OUT,34944.4,C2104349011,3.0,0.0,C1481144012,297077.09,263836.68,0,0
40,PAYMENT,9718.68,C1362675510,380214.26,370495.58,M79180642,0.0,0.0,0,0
40,PAYMENT,9381.18,C85176999,370495.58,361114.4,M375852063,0.0,0.0,0,0
40,CASH_IN,46645.97,C32602258,12150.0,58795.97,C110157441,221162.14,152926.91,0,0
40,CASH_OUT,5999.41,C1142384877,216177.0,210177.59,C2044916777,33463.54,39462.96,0,0
40,PAYMENT,9356.05,C1552510018,210177.59,200821.54,M1923126328,0.0,0.0,0,0
40,PAYMENT,12405.99,C2023704342,200821.54,188415.55,M120592616,0.0,0.0,0,0
40,PAYMENT,23334.9,C281845552,188415.55,165080.65,M1723586629,0.0,0.0,0,0
40,PAYMENT,9476.03,C1688114291,165080.65,155604.63,M1668167504,0.0,0.0,0,0
40,PAYMENT,8319.97,C397349138,155604.63,147284.66,M804162130,0.0,0.0,0,0
40,PAYMENT,7313.74,C1061400272,147284.66,139970.92,M763742943,0.0,0.0,0,0
40,PAYMENT,565.01,C1112369660,139970.92,139405.91,M422238205,0.0,0.0,0,0
40,PAYMENT,4199.4,C993906470,139405.91,135206.51,M955066796,0.0,0.0,0,0
40,PAYMENT,26331.39,C289842628,14865.0,0.0,M1587289390,0.0,0.0,0,0
40,CASH_OUT,77990.11,C185449764,294.0,0.0,C234487647,0.0,77990.11,0,0
40,CASH_OUT,188321.46,C1526486432,0.0,0.0,C1634879358,723059.99,911381.45,0,0
40,CASH_OUT,86693.65,C2117120958,20394.0,0.0,C209434528,912827.78,1533640.77,0,0
40,PAYMENT,5273.97,C1081848891,0.0,0.0,M653907341,0.0,0.0,0,0
40,PAYMENT,29193.81,C504415655,239.0,0.0,M1707485336,0.0,0.0,0,0
40,CASH_OUT,194959.11,C2013368951,37111.0,0.0,C533511048,510651.07,705610.18,0,0
40,CASH_OUT,75664.84,C272397639,246009.0,170344.16,C613423596,26385.98,102050.82,0,0
40,CASH_OUT,286397.97,C144291610,16954.0,0.0,C1209339393,855310.23,1141708.19,0,0
40,PAYMENT,11054.75,C1548733561,13529.0,2474.25,M682192813,0.0,0.0,0,0
40,PAYMENT,17503.78,C1540137394,115072.0,97568.22,M514387126,0.0,0.0,0,0
40,CASH_OUT,29089.39,C1009174302,586.0,0.0,C1049098726,124422.87,153512.26,0,0
40,CASH_OUT,212337.72,C1594950448,0.0,0.0,C1410562333,560022.5,1362543.68,0,0
40,CASH_IN,106403.43,C1643051089,208462.0,314865.43,C1263111270,0.0,0.0,0,0
40,TRANSFER,588243.34,C947545478,208733.0,0.0,C1679133774,2363766.62,2952009.96,0,0
40,PAYMENT,22333.48,C854477728,5125.0,0.0,M1697764942,0.0,0.0,0,0
40,CASH_OUT,174628.98,C1930135241,31111.0,0.0,C1909504164,101536.48,276165.46,0,0
40,CASH_OUT,41951.37,C414616443,37148.0,0.0,C70009792,1246467.07,1288418.44,0,0
40,CASH_IN,164857.35,C1489330310,41092.0,205949.35,C2122960124,1990554.27,1825696.92,0,0
40,CASH_IN,251337.34,C866995830,205949.35,457286.69,C795730260,452329.4,200992.05,0,0
40,CASH_IN,279714.05,C482323204,457286.69,737000.74,C704815699,7686213.54,7406499.48,0,0
40,CASH_IN,136265.84,C813565627,737000.74,873266.58,C1909346427,247076.54,110810.7,0,0
40,CASH_IN,133595.37,C1137475938,873266.58,1006861.96,C301097775,4369137.79,4235542.42,0,0
40,CASH_IN,45405.14,C449558931,1006861.96,1052267.1,C1042180005,211060.66,165655.52,0,0
40,CASH_IN,44744.66,C2068698693,1052267.1,1097011.76,C871887762,3077658.08,3032913.42,0,0
40,CASH_IN,194484.82,C994462793,1097011.76,1291496.58,C25269973,803713.8,609228.98,0,0
40,CASH_IN,34252.43,C472260050,1291496.58,1325749.01,C869981156,95480.1,61227.67,0,0
40,CASH_IN,88848.93,C1533421796,1325749.01,1414597.94,C1502267428,314420.56,225571.63,0,0
40,CASH_IN,117462.63,C1317810739,40663.0,158125.63,C1191470811,5631984.24,5514521.6,0,0
40,CASH_OUT,110285.63,C1201736623,29772.0,0.0,C2127581706,108369.15,218654.78,0,0
40,CASH_OUT,303957.23,C1808094724,24419.0,0.0,C1836700367,211937.28,515894.51,0,0
40,PAYMENT,20110.77,C17724048,0.0,0.0,M784127272,0.0,0.0,0,0
40,CASH_IN,87675.08,C1636785955,12553.0,100228.08,C1434980121,37170.33,0.0,0,0
40,PAYMENT,186.93,C549142624,4312.0,4125.07,M1389575189,0.0,0.0,0,0
40,DEBIT,4546.83,C437171954,4583.0,36.17,C201084074,67527.93,72074.76,0,0
40,CASH_OUT,223827.29,C31691991,6205.0,0.0,C1744006228,124882.98,348710.27,0,0
40,CASH_OUT,238311.1,C2065788107,10622.0,0.0,C1688533042,0.0,238311.1,0,0
40,TRANSFER,132792.25,C819577902,477.0,0.0,C1632087341,0.0,132792.25,0,0
40,CASH_OUT,57791.57,C1603227105,9065.0,0.0,C2014845231,8970.54,66762.11,0,0
40,CASH_IN,245701.33,C1121398763,13619.0,259320.33,C945962184,0.0,0.0,0,0
40,CASH_OUT,164224.03,C853562446,101592.99,0.0,C1026491581,67951.81,232175.83,0,0
40,PAYMENT,17919.44,C1281760904,0.0,0.0,M1772335776,0.0,0.0,0,0
40,CASH_OUT,221321.7,C317743112,1197.0,0.0,C183579091,7883169.91,8104491.6,0,0
40,CASH_OUT,325165.07,C578950204,116.0,0.0,C953149475,0.0,325165.07,0,0
40,CASH_OUT,359421.6,C1584188602,32083.0,0.0,C1995579663,43166.73,402588.33,0,0
40,CASH_IN,135469.21,C707679077,102188.0,237657.21,C476182975,9259812.74,9124343.53,0,0
40,CASH_OUT,107512.4,C1003460104,10657.0,0.0,C1290599201,6271146.48,6378658.88,0,0
40,PAYMENT,8935.28,C157177529,205595.0,196659.72,M837763636,0.0,0.0,0,0
40,PAYMENT,282.09,C1770166807,18516.0,18233.91,M775569145,0.0,0.0,0,0
40,CASH_OUT,123633.28,C1428839961,12445.0,0.0,C1380203228,0.0,123633.28,0,0
40,CASH_IN,204812.68,C505366634,0.0,204812.68,C2137464857,44023.28,0.0,0,0
40,PAYMENT,4577.14,C1664101276,204812.68,200235.54,M478285045,0.0,0.0,0,0
40,CASH_IN,6466.5,C459232234,1309.0,7775.5,C1209269290,0.0,0.0,0,0
40,CASH_OUT,103027.06,C2137457907,1528.0,0.0,C315208959,194624.06,297651.12,0,0
40,CASH_OUT,307258.83,C493468744,761.0,0.0,C1130253221,847721.36,1154980.19,0,0
40,TRANSFER,1098753.8,C285273780,20966.0,0.0,C79180569,0.0,1098753.8,0,0
40,CASH_OUT,48001.87,C1889611645,0.0,0.0,C397197557,2427143.98,2475145.85,0,0
40,CASH_OUT,77670.67,C925302022,0.0,0.0,C566034308,160212.93,237883.6,0,0
40,TRANSFER,903667.02,C1736285270,2525.0,0.0,C1569348496,190186.77,1093853.79,0,0
40,PAYMENT,953.92,C1897835331,61453.0,60499.08,M146651354,0.0,0.0,0,0
40,CASH_OUT,10627.37,C150190598,2709.0,0.0,C845974769,757025.32,767652.68,0,0
40,CASH_OUT,29273.32,C65476706,53729.0,24455.68,C620451697,247825.26,277098.58,0,0
40,PAYMENT,1240.87,C120057838,24455.68,23214.81,M1656351928,0.0,0.0,0,0
40,CASH_IN,220705.64,C2005879139,10126.0,230831.64,C1071293699,49999.0,0.0,0,0
40,CASH_OUT,98893.49,C1284533240,772.0,0.0,C1343457451,0.0,98893.49,0,0
40,CASH_OUT,96159.87,C1953539355,114502.0,18342.13,C628960470,3402.86,99562.73,0,0
40,CASH_OUT,48946.03,C1493256961,80320.0,31373.97,C696426381,29596487.71,29688874.74,0,0
40,CASH_OUT,7944.24,C1422447891,31373.97,23429.73,C849028726,965814.22,973758.46,0,0
40,PAYMENT,19935.05,C466140121,42101.0,22165.95,M1793166790,0.0,0.0,0,0
40,CASH_OUT,230935.82,C971737816,20987.0,0.0,C173257515,143550.0,374485.82,0,0
40,CASH_OUT,257454.28,C731492539,105741.0,0.0,C405438084,80208.12,337662.4,0,0
40,CASH_OUT,318387.86,C1968291938,447339.0,128951.14,C2103704425,3377528.74,3695916.6,0,0
40,CASH_OUT,119052.18,C322501811,5392.0,0.0,C1561104017,1352483.92,1471536.09,0,0
40,CASH_OUT,31722.88,C1986009414,19763.0,0.0,C812586739,5379055.68,5410778.56,0,0
40,CASH_OUT,226200.33,C270164825,32158.0,0.0,C948982836,52756.84,278957.17,0,0
40,PAYMENT,18783.78,C1806951400,0.0,0.0,M1060783945,0.0,0.0,0,0
40,CASH_IN,368337.35,C1239864257,11592.0,379929.35,C598484280,0.0,0.0,0,0
40,CASH_OUT,59290.49,C170221839,113131.0,53840.51,C267389135,0.0,59290.49,0,0
40,PAYMENT,15465.49,C2130538240,101474.0,86008.51,M328232857,0.0,0.0,0,0
40,PAYMENT,10991.35,C1813499633,42592.0,31600.65,M1293674341,0.0,0.0,0,0
40,TRANSFER,336270.48,C1477121193,153.0,0.0,C1765705271,919467.87,1255738.36,0,0
40,CASH_IN,336834.41,C1215779990,302671.0,639505.41,C1448525331,1489206.59,1152372.17,0,0
40,PAYMENT,15445.11,C440757039,11297.0,0.0,M142055373,0.0,0.0,0,0
40,CASH_OUT,382152.82,C148468790,79527.0,0.0,C814084935,0.0,382152.82,0,0
40,PAYMENT,15415.99,C2054705759,0.0,0.0,M1272267308,0.0,0.0,0,0
40,PAYMENT,2747.37,C2133359972,111236.0,108488.63,M1007930995,0.0,0.0,0,0
40,CASH_OUT,146879.33,C79792388,108488.63,0.0,C1364535051,361896.33,508775.66,0,0
40,CASH_OUT,50081.43,C1709469586,0.0,0.0,C1667844993,1894414.74,1944496.17,0,0
40,CASH_IN,13577.44,C1495002391,38645.0,52222.44,C1654072429,0.0,0.0,0,0
40,CASH_OUT,258944.3,C2077868049,14200.0,0.0,C1214865738,410139.87,669084.18,0,0
40,CASH_IN,99316.46,C1935208391,124866.0,224182.46,C816671300,0.0,0.0,0,0
40,CASH_OUT,279989.62,C889620161,11177.0,0.0,C1922408625,2921294.59,3336312.01,0,0
40,PAYMENT,25670.01,C863221283,40810.0,15139.99,M102707476,0.0,0.0,0,0
40,CASH_OUT,240680.12,C848150727,87904.0,0.0,C153896098,1347472.29,1588152.42,0,0
40,PAYMENT,4966.84,C859597017,9285.0,4318.16,M500171315,0.0,0.0,0,0
40,CASH_OUT,291399.56,C1656227596,5354.0,0.0,C688666509,0.0,291399.56,0,0
40,PAYMENT,13925.99,C1055877220,0.0,0.0,M1850062272,0.0,0.0,0,0
40,PAYMENT,4471.38,C1931080609,0.0,0.0,M1371216553,0.0,0.0,0,0
40,PAYMENT,3090.1,C340980914,0.0,0.0,M1467656269,0.0,0.0,0,0
40,PAYMENT,9092.49,C1799540216,0.0,0.0,M1655045227,0.0,0.0,0,0
40,PAYMENT,3047.48,C1641116649,0.0,0.0,M1676379998,0.0,0.0,0,0
40,PAYMENT,4943.91,C515615702,0.0,0.0,M1395673806,0.0,0.0,0,0
40,PAYMENT,5913.13,C966010234,0.0,0.0,M108692577,0.0,0.0,0,0
40,PAYMENT,4778.7,C1163688547,0.0,0.0,M342572604,0.0,0.0,0,0
40,PAYMENT,5550.99,C206333502,0.0,0.0,M1590145626,0.0,0.0,0,0
40,PAYMENT,7189.61,C2020492419,0.0,0.0,M892936044,0.0,0.0,0,0
40,PAYMENT,7865.7,C1512829539,0.0,0.0,M966643230,0.0,0.0,0,0
40,PAYMENT,9562.67,C861786098,0.0,0.0,M1315075210,0.0,0.0,0,0
40,PAYMENT,3249.28,C1272922063,0.0,0.0,M476444052,0.0,0.0,0,0
40,CASH_OUT,277468.92,C1100651445,11454.0,0.0,C1748685319,978092.77,1255561.69,0,0
40,PAYMENT,16312.82,C478245160,0.0,0.0,M781321264,0.0,0.0,0,0
40,PAYMENT,5059.94,C501779747,0.0,0.0,M138082840,0.0,0.0,0,0
40,PAYMENT,4614.25,C530960902,0.0,0.0,M556328518,0.0,0.0,0,0
40,PAYMENT,742.66,C2029057749,0.0,0.0,M658844137,0.0,0.0,0,0
40,CASH_OUT,25967.67,C373422821,20633.0,0.0,C599912605,676906.9,702874.57,0,0
40,CASH_OUT,400788.52,C1883059389,4960.0,0.0,C173468702,2066611.3,2467399.82,0,0
40,PAYMENT,2761.82,C260317745,0.0,0.0,M25188425,0.0,0.0,0,0
40,CASH_OUT,146685.92,C403639374,11470.0,0.0,C664685014,128064.35,274750.27,0,0
40,PAYMENT,7956.48,C17718062,0.0,0.0,M792028308,0.0,0.0,0,0
40,CASH_OUT,153388.08,C754197291,1534.0,0.0,C595121259,313517.04,466905.11,0,0
40,PAYMENT,19616.49,C1283012487,171522.0,151905.51,M1071501837,0.0,0.0,0,0
40,DEBIT,772.42,C1002967206,31452.0,30679.58,C1657613740,130697.22,131469.64,0,0
40,PAYMENT,16870.59,C917016975,3032.0,0.0,M862477778,0.0,0.0,0,0
40,PAYMENT,24895.91,C1651813384,0.0,0.0,M432197056,0.0,0.0,0,0
40,CASH_OUT,15997.34,C1804866462,0.0,0.0,C1387503804,731316.13,747313.47,0,0
40,CASH_OUT,221426.03,C442713587,176.0,0.0,C257053399,185065.51,406491.54,0,0
40,CASH_IN,409354.75,C1571860059,10282.0,419636.75,C417383401,71504.44,0.0,0,0
40,CASH_OUT,336485.15,C1385415904,101.0,0.0,C28875340,331721.59,668206.74,0,0
40,PAYMENT,28428.73,C433075663,84.0,0.0,M421312475,0.0,0.0,0,0
40,TRANSFER,772293.15,C1090912469,0.0,0.0,C873834839,1069330.93,1841624.08,0,0
40,CASH_IN,12810.73,C234776785,947.0,13757.73,C1391836326,850957.7,838146.97,0,0
40,CASH_IN,112452.36,C362302188,26045.0,138497.36,C1966585174,1241424.51,1128972.15,0,0
40,CASH_OUT,390568.29,C1774622187,82901.0,0.0,C658289217,1512435.49,1903003.78,0,0
40,PAYMENT,2826.8,C406270126,9811.0,6984.2,M1727101849,0.0,0.0,0,0
40,PAYMENT,9305.4,C828998273,6984.2,0.0,M1818046602,0.0,0.0,0,0
40,CASH_IN,271706.77,C1305403375,19990.0,291696.77,C42519721,2017132.8,1745426.04,0,0
40,CASH_OUT,307041.35,C546199676,14822.0,0.0,C1362415458,1065918.73,1372960.08,0,0
40,CASH_OUT,183772.71,C1561246566,383502.0,199729.29,C15916522,738908.47,922681.18,0,0
40,CASH_OUT,486665.76,C1490159917,14585.0,0.0,C2145042163,0.0,486665.76,0,0
40,CASH_OUT,135667.77,C1666749567,105830.0,0.0,C631806910,1597978.97,1733646.74,0,0
40,PAYMENT,7228.64,C835157456,0.0,0.0,M423240965,0.0,0.0,0,0
40,CASH_OUT,72045.45,C1365892206,901072.0,829026.55,C1219920933,0.0,0.0,0,0
40,CASH_OUT,179431.1,C1991594320,25684.0,0.0,C967366986,0.0,941210.21,0,0
40,PAYMENT,13236.76,C2090245035,0.0,0.0,M877435697,0.0,0.0,0,0
40,CASH_IN,327316.47,C727300986,22264.0,349580.47,C121751903,2706274.68,2378958.21,0,0
40,CASH_IN,509452.37,C2000306320,28.0,509480.37,C1107699034,355416.24,0.0,0,0
40,PAYMENT,424.73,C1060754975,509480.37,509055.63,M1878804442,0.0,0.0,0,0
40,TRANSFER,439398.84,C152613684,39906.0,0.0,C188892437,1338738.25,1778137.09,0,0
40,CASH_OUT,60204.56,C738417735,11384.0,0.0,C21953988,0.0,60204.56,0,0
40,CASH_OUT,305522.03,C1576791798,485088.65,179566.61,C364336503,155366.71,460888.74,0,0
40,PAYMENT,8911.03,C1345626116,179566.61,170655.59,M486090789,0.0,0.0,0,0
40,PAYMENT,8895.42,C716095129,170655.59,161760.17,M673212772,0.0,0.0,0,0
40,PAYMENT,4047.72,C1566693604,12228.0,8180.28,M143420269,0.0,0.0,0,0
40,CASH_OUT,31165.78,C1468614291,25050.0,0.0,C1040009999,0.0,31165.78,0,0
40,PAYMENT,19598.74,C2093575759,62071.0,42472.26,M792477642,0.0,0.0,0,0
40,CASH_OUT,480357.4,C1149300291,133193.0,0.0,C289406082,0.0,480357.4,0,0
40,CASH_IN,148218.83,C1495303582,30582.0,178800.83,C47814689,0.0,0.0,0,0
40,PAYMENT,11372.97,C1856775139,178800.83,167427.86,M547390355,0.0,0.0,0,0
40,CASH_OUT,424730.18,C1662096178,25233.0,0.0,C1021863543,841972.44,1266702.62,0,0
40,PAYMENT,12709.99,C1044444859,106730.68,94020.69,M838625707,0.0,0.0,0,0
40,PAYMENT,19532.0,C367319068,94020.69,74488.69,M2047037841,0.0,0.0,0,0
40,PAYMENT,1562.86,C1129284932,7000.0,5437.14,M296492471,0.0,0.0,0,0
40,PAYMENT,11867.75,C582685606,16563.0,4695.25,M1112822201,0.0,0.0,0,0
40,PAYMENT,9177.33,C2106493202,4695.25,0.0,M205415089,0.0,0.0,0,0
40,CASH_IN,228602.86,C1986164403,35664.0,264266.86,C210837778,0.0,0.0,0,0
40,CASH_IN,334883.05,C383461471,264266.86,599149.91,C440086518,1827005.34,1492122.29,0,0
40,CASH_IN,228804.77,C521463183,599149.91,827954.67,C1177315507,487984.74,392753.17,0,0
40,CASH_IN,36283.65,C1614821174,827954.67,864238.32,C607037481,2124898.56,2088614.91,0,0
40,CASH_IN,105149.03,C91361891,864238.32,969387.35,C1787129735,443142.95,337993.92,0,0
40,CASH_IN,236251.23,C1252285250,969387.35,1205638.57,C770360274,9545582.77,9309331.55,0,0
40,CASH_IN,18716.97,C1923413764,1205638.57,1224355.55,C1665387064,651162.94,1229747.42,0,0
40,CASH_IN,75995.36,C331122657,1224355.55,1300350.91,C833056765,1516499.48,1461498.7,0,0
40,CASH_IN,104590.37,C113803007,1300350.91,1404941.28,C401303404,1192739.37,1088149.0,0,0
40,CASH_IN,100888.23,C1860061999,1404941.28,1505829.51,C28073282,102338.02,1449.78,0,0
40,CASH_IN,127005.73,C999787815,1505829.51,1632835.25,C352071423,1219810.48,1092804.74,0,0
40,CASH_IN,160143.3,C1281590843,1632835.25,1792978.55,C1778835268,182179.32,22036.02,0,0
40,CASH_IN,113941.27,C152647374,1792978.55,1906919.82,C1336791375,618406.56,504465.28,0,0
40,CASH_IN,101096.96,C352486385,1906919.82,2008016.78,C1537670287,310544.72,209447.76,0,0
40,CASH_IN,135714.68,C310106819,2008016.78,2143731.46,C2050323596,1066444.62,930729.94,0,0
40,CASH_IN,278977.95,C1115280617,2143731.46,2422709.41,C765401700,362412.66,83434.71,0,0
40,CASH_IN,128185.08,C35009838,2422709.41,2550894.49,C1788262557,519156.58,390971.5,0,0
40,CASH_IN,175229.89,C59388822,2550894.49,2726124.38,C1353744466,347747.08,172517.19,0,0
40,CASH_IN,49940.2,C1340824806,2726124.38,2776064.58,C761169752,174911.49,124971.29,0,0
40,CASH_IN,180647.02,C1136199534,2776064.58,2956711.59,C1640278941,296374.84,115727.82,0,0
40,CASH_IN,152179.82,C1882584434,2956711.59,3108891.42,C958180931,3896891.92,3744712.09,0,0
40,CASH_IN,75634.43,C577859169,3108891.42,3184525.85,C1016335634,768154.18,692519.76,0,0
40,CASH_IN,129513.42,C937953957,3184525.85,3314039.26,C1206004234,133599.14,4085.73,0,0
40,CASH_IN,416112.46,C1021438273,3314039.26,3730151.72,C1527587558,794908.56,378796.11,0,0
40,CASH_IN,273963.78,C1671435722,3730151.72,4004115.51,C190244267,568166.42,294202.64,0,0
40,CASH_IN,125187.15,C1242262969,4004115.51,4129302.65,C1866013195,345372.19,688037.34,0,0
40,CASH_IN,87496.63,C1027734399,4129302.65,4216799.28,C855388453,3756834.23,3669337.6,0,0
40,CASH_IN,64563.09,C249144951,4216799.28,4281362.37,C544181807,1207532.11,1142969.03,0,0
40,CASH_IN,19527.78,C1832188963,4281362.37,4300890.15,C2056442002,209355.26,189827.48,0,0
40,CASH_IN,117885.27,C2084778649,4300890.15,4418775.42,C345878060,1239011.79,905478.86,0,0
40,CASH_IN,195299.43,C1315677293,4418775.42,4614074.85,C298890800,2301281.06,2255488.56,0,0
40,CASH_IN,192136.03,C230836681,4614074.85,4806210.88,C1940434962,382505.21,190369.18,0,0
40,CASH_IN,57815.91,C1205692854,4806210.88,4864026.79,C527905717,3486278.46,3428462.55,0,0
40,CASH_IN,232501.19,C577719342,4864026.79,5096527.98,C593849790,596509.95,364008.76,0,0
40,CASH_IN,23102.19,C833932482,5096527.98,5119630.17,C619597967,244960.01,221857.82,0,0
40,CASH_IN,78484.53,C782718780,5119630.17,5198114.7,C1980860229,222155.64,143671.11,0,0
40,CASH_IN,76104.53,C43719559,5198114.7,5274219.23,C898395378,1130048.94,1053944.41,0,0
40,CASH_IN,306340.13,C1523399110,5274219.23,5580559.36,C290805037,2039856.23,1733516.1,0,0
40,CASH_IN,322591.88,C1292381313,5580559.36,5903151.24,C1998593710,1277597.09,955005.21,0,0
40,CASH_IN,190725.73,C1493343403,5903151.24,6093876.97,C503335895,796710.21,605984.48,0,0
40,CASH_IN,369868.09,C52421423,6093876.97,6463745.05,C197260686,1215224.77,634178.58,0,0
40,CASH_IN,143855.48,C816839043,6463745.05,6607600.53,C490354376,467989.45,324133.97,0,0
40,CASH_IN,65177.01,C1011857203,6607600.53,6672777.55,C1926673338,9091217.18,9026040.17,0,0
40,CASH_IN,40609.45,C1902478293,6672777.55,6713386.99,C2138501530,124835.02,84225.57,0,0
40,CASH_IN,268665.0,C220139597,6713386.99,6982051.99,C1319670697,5686974.12,5418309.12,0,0
40,CASH_IN,35047.57,C1110676364,6982051.99,7017099.57,C1402536940,337286.14,302238.57,0,0
40,CASH_IN,133561.91,C50610902,7017099.57,7150661.48,C1807441584,262410.01,250727.65,0,0
40,CASH_IN,35173.83,C1579287112,7150661.48,7185835.31,C709196531,422547.76,387373.93,0,0
40,CASH_IN,385261.15,C726334649,7185835.31,7571096.46,C581879680,612673.79,227412.64,0,0
40,CASH_IN,41629.09,C1966843311,7571096.46,7612725.55,C310976964,6444863.79,6616644.29,0,0
40,CASH_IN,139764.62,C1418222380,7612725.55,7752490.17,C1716511810,1107091.89,967327.27,0,0
40,CASH_IN,181261.55,C443950007,7752490.17,7933751.72,C825189411,191498.76,10237.21,0,0
40,CASH_IN,55904.48,C1722133364,7933751.72,7989656.2,C1906070838,104566.15,48661.67,0,0
40,CASH_IN,92197.89,C1318812882,7989656.2,8081854.09,C846878492,317549.88,225351.99,0,0
40,CASH_IN,244577.63,C1490816790,8081854.09,8326431.72,C1320838841,915038.05,670460.42,0,0
40,CASH_IN,44283.7,C1939661857,8326431.72,8370715.42,C1657468524,2909488.55,2865204.85,0,0
40,CASH_IN,112550.39,C950603565,8370715.42,8483265.8,C1987488640,194734.52,9005.05,0,0
40,CASH_IN,263677.74,C767662342,8483265.8,8746943.55,C1203458099,1946803.21,1683125.46,0,0
40,CASH_IN,53174.72,C358450967,103585.0,156759.72,C340227188,0.0,0.0,0,0
40,CASH_OUT,390654.45,C32822385,35086.0,0.0,C954754977,2676605.32,3067259.76,0,0
40,CASH_OUT,352622.35,C1901355781,0.0,0.0,C310304967,463287.77,815910.11,0,0
40,PAYMENT,24999.39,C1350356352,753.0,0.0,M702586279,0.0,0.0,0,0
40,TRANSFER,613003.53,C235963318,23057.0,0.0,C725645581,532541.98,1145545.51,0,0
40,CASH_OUT,59632.23,C1552844090,0.0,0.0,C197310729,2018741.87,2078374.1,0,0
40,CASH_OUT,172708.35,C1781023718,0.0,0.0,C1864451567,1012129.1,1184837.46,0,0
40,CASH_OUT,189655.12,C1200154273,0.0,0.0,C1411830789,1882377.2,2072032.32,0,0
40,CASH_OUT,260713.95,C1292878037,0.0,0.0,C61899234,385400.09,646114.03,0,0
40,CASH_OUT,209800.49,C1694513947,0.0,0.0,C269238470,451218.06,661018.55,0,0
40,CASH_OUT,193952.23,C1293902638,0.0,0.0,C410907870,4499035.0,4692987.23,0,0
40,CASH_OUT,231635.51,C1294084546,0.0,0.0,C1346487875,450260.32,681895.83,0,0
40,CASH_OUT,75701.06,C2115518939,0.0,0.0,C1638772938,224367.93,300068.99,0,0
40,CASH_OUT,121064.74,C438597088,0.0,0.0,C1971344738,10023306.19,10144370.93,0,0
40,CASH_OUT,141753.28,C739537817,0.0,0.0,C958671211,724105.43,865858.72,0,0
40,CASH_OUT,19011.78,C1881420768,0.0,0.0,C2063192017,43389.54,62401.32,0,0
40,CASH_OUT,103757.0,C1284416166,0.0,0.0,C595337900,3665203.8,3768960.81,0,0
40,CASH_OUT,12656.91,C1975276962,0.0,0.0,C663796263,65817.09,78474.0,0,0
40,CASH_OUT,402897.85,C2050717751,0.0,0.0,C1460920929,3860235.21,4263133.06,0,0
40,CASH_IN,15152.72,C726790051,454341.0,469493.72,C1942689199,0.0,0.0,0,0
40,PAYMENT,7729.4,C317973501,592.0,0.0,M99988804,0.0,0.0,0,0
40,CASH_OUT,237788.84,C607031053,16579.0,0.0,C1928893794,1579007.6,2268411.11,0,0
40,CASH_OUT,329688.96,C10899676,21088.0,0.0,C1470110619,0.0,329688.96,0,0
40,CASH_OUT,330449.54,C231188286,19541.0,0.0,C1735099891,2055694.23,2386143.77,0,0
40,CASH_IN,269930.46,C623930455,738.0,270668.46,C468897557,4386184.08,4612445.13,0,0
40,CASH_OUT,337056.77,C1966524699,34595.0,0.0,C1668439906,1306711.26,1643768.03,0,0
40,PAYMENT,1331.16,C1201948625,30162.0,28830.84,M2003494476,0.0,0.0,0,0
40,TRANSFER,386323.51,C1360948770,47798.0,0.0,C139148435,0.0,386323.51,0,0
40,TRANSFER,1078935.71,C304286475,168756.0,0.0,C1567478191,1997374.11,3092168.13,0,0
40,CASH_OUT,222654.67,C2010930257,210.0,0.0,C1687721303,134063.4,356718.08,0,0
40,TRANSFER,57266.52,C1470401632,30695.0,0.0,C2058711491,4877478.15,4934744.67,0,0
40,CASH_OUT,126629.39,C1969854408,9040.0,0.0,C293348398,1582852.97,1709482.37,0,0
40,CASH_OUT,86984.86,C2132320573,0.0,0.0,C1293686518,0.0,86984.86,0,0
40,PAYMENT,2738.03,C1790137435,0.0,0.0,M419893985,0.0,0.0,0,0
40,PAYMENT,10583.12,C543756766,0.0,0.0,M440556967,0.0,0.0,0,0
40,CASH_OUT,411206.77,C1789121336,19939.0,0.0,C1712257258,868305.07,1279511.84,0,0
40,PAYMENT,3875.59,C1259492503,205603.0,201727.41,M589126602,0.0,0.0,0,0
40,TRANSFER,213409.58,C725255531,107.0,0.0,C310976964,6403234.7,6616644.29,0,0
40,PAYMENT,4833.56,C1601480999,0.0,0.0,M102496434,0.0,0.0,0,0
40,CASH_IN,474815.2,C1334911152,10613.0,485428.2,C1122340750,459045.41,0.0,0,0
40,PAYMENT,23364.16,C813692404,61864.0,38499.84,M1253597005,0.0,0.0,0,0
40,TRANSFER,988005.42,C322957504,206231.0,0.0,C108202798,75216.57,925963.77,0,0
40,CASH_IN,28048.77,C1441650359,101747.0,129795.77,C1768139967,323838.08,295789.32,0,0
40,CASH_OUT,58525.46,C452086187,129795.77,71270.31,C1995881616,467797.43,1169452.81,0,0
40,CASH_IN,319434.22,C314064783,311159.0,630593.22,C1693305339,0.0,0.0,0,0
40,CASH_OUT,194188.59,C2121102568,5025.0,0.0,C1195031265,1153.77,195342.35,0,0
40,TRANSFER,183007.06,C1166953980,29776.0,0.0,C440066134,6079599.25,6262606.31,0,0
40,CASH_IN,237027.1,C1304034295,0.0,237027.1,C1000891572,386014.47,148987.37,0,0
40,CASH_IN,110075.73,C506392968,237027.1,347102.83,C1554704519,1829941.68,1719865.95,0,0
40,CASH_IN,108660.42,C200350865,347102.83,455763.26,C857100926,6928340.42,6819680.0,0,0
40,CASH_IN,8003.25,C1017594302,455763.26,463766.51,C1833417340,307500.85,299497.6,0,0
40,CASH_IN,254127.77,C1044603806,463766.51,717894.27,C1528241989,2926944.97,2672817.2,0,0
40,CASH_IN,89810.24,C1460168559,717894.27,807704.52,C983492037,2108408.33,2137859.75,0,0
40,CASH_IN,59315.53,C1411312779,807704.52,867020.04,C1712373954,110693.24,51377.71,0,0
40,CASH_IN,128242.54,C1387461895,867020.04,995262.58,C12516837,173419.23,45176.69,0,0
40,CASH_IN,230673.06,C2001222492,995262.58,1225935.65,C1657183378,702302.9,471629.84,0,0
40,CASH_IN,389883.58,C1668221381,1225935.65,1615819.22,C313863095,439808.75,49925.18,0,0
40,CASH_IN,64789.66,C1085725591,1615819.22,1680608.89,C1877395866,1689008.62,1656617.76,0,0
40,CASH_IN,37912.59,C86592579,1680608.89,1718521.48,C973154559,2794315.61,2756403.02,0,0
40,PAYMENT,20832.6,C856495457,154581.0,133748.4,M683086820,0.0,0.0,0,0
40,PAYMENT,4258.74,C1579880198,133748.4,129489.67,M296688596,0.0,0.0,0,0
40,TRANSFER,1159115.07,C1246933661,30085.0,0.0,C755613173,824179.5,1983294.58,0,0
40,PAYMENT,7836.06,C1516941312,71382.0,63545.94,M1547683700,0.0,0.0,0,0
40,CASH_OUT,140248.32,C900142748,1010.0,0.0,C1470525814,574149.97,714398.29,0,0
40,CASH_IN,156274.7,C1782484207,80074.0,236348.7,C1319029266,378082.2,221807.5,0,0
40,CASH_OUT,436652.07,C1700518680,30129.0,0.0,C192334384,0.0,436652.07,0,0
40,CASH_IN,140144.08,C1199416480,93.0,140237.08,C1165560749,185975.93,45831.85,0,0
40,PAYMENT,4419.53,C1248024869,140237.08,135817.55,M1420094834,0.0,0.0,0,0
40,TRANSFER,1197197.18,C1864138725,111431.0,0.0,C886631728,0.0,1197197.18,0,0
40,CASH_OUT,576120.5,C1164873218,364032.0,0.0,C487259457,1698601.43,2274721.93,0,0
40,PAYMENT,13414.11,C353656315,0.0,0.0,M1722350934,0.0,0.0,0,0
40,PAYMENT,9642.7,C1791448369,3584.0,0.0,M1541986549,0.0,0.0,0,0
40,TRANSFER,61332.36,C1814343158,21097.0,0.0,C1245046077,40155.15,101487.52,0,0
40,CASH_OUT,116969.24,C1304932201,1119.0,0.0,C430910792,117335.94,234305.18,0,0
40,CASH_OUT,378901.74,C502859069,146872.0,0.0,C751376418,0.0,378901.74,0,0
40,CASH_OUT,342770.96,C13322503,27460.0,0.0,C2106126438,75494.21,418265.17,0,0
40,CASH_IN,307139.21,C1237913589,24475.0,331614.21,C128770918,56988.5,0.0,0,0
40,CASH_OUT,493825.73,C965037378,25605.0,0.0,C1938539570,6009985.75,6503811.48,0,0
40,CASH_IN,287274.92,C1811969954,0.0,287274.92,C1430432331,819025.32,531750.39,0,0
40,CASH_IN,85929.41,C911837268,287274.92,373204.33,C46587940,6131969.29,6046039.89,0,0
40,CASH_IN,209978.14,C929992653,373204.33,583182.47,C121488263,4210635.58,5077115.62,0,0
40,CASH_IN,58480.15,C613563199,583182.47,641662.62,C935554626,2859796.63,2801316.48,0,0
40,CASH_IN,119276.63,C1262544232,641662.62,760939.25,C781313988,1924702.69,1805426.07,0,0
40,CASH_IN,146334.08,C824303484,760939.25,907273.33,C783921205,637994.65,491660.57,0,0
40,CASH_IN,123635.74,C1920085618,907273.33,1030909.07,C1528834080,257419.97,133784.23,0,0
40,CASH_IN,72809.27,C1200400576,1030909.07,1103718.34,C46185142,1390941.17,1318131.9,0,0
40,CASH_IN,21415.85,C195788540,1103718.34,1125134.19,C1239674012,9477986.12,9456570.26,0,0
40,CASH_IN,124616.98,C877562570,1125134.19,1249751.17,C357546077,604559.33,479942.35,0,0
40,CASH_IN,98227.11,C1470899087,1249751.17,1347978.28,C1398318749,3199379.58,3101152.46,0,0
40,CASH_OUT,67487.36,C1975798546,173272.0,105784.64,C1811541942,959086.88,1026574.24,0,0
40,CASH_OUT,259220.2,C625514440,10226.0,0.0,C1524497501,255593.64,514813.83,0,0
40,CASH_OUT,243174.13,C1703956849,246321.0,3146.87,C2081227912,0.0,243174.13,0,0
40,PAYMENT,12408.43,C1393993239,2689.0,0.0,M73268156,0.0,0.0,0,0
40,CASH_IN,110844.77,C1707792936,0.0,110844.77,C1716683634,457469.63,346624.86,0,0
40,CASH_IN,356549.61,C45487161,110844.77,467394.38,C1393005969,409372.93,52823.31,0,0
40,CASH_IN,148243.25,C1693854822,467394.38,615637.63,C332803957,155369.18,7125.93,0,0
40,CASH_IN,37222.37,C261995359,615637.63,652860.0,C1513401394,51221.73,13999.36,0,0
40,CASH_IN,79285.27,C1018506014,652860.0,732145.27,C106014281,758601.49,1010343.28,0,0
40,CASH_IN,175562.18,C235992941,732145.27,907707.45,C216714364,384165.44,208603.25,0,0
40,CASH_IN,153209.94,C1532002261,907707.45,1060917.39,C1128685085,3827608.59,3674398.65,0,0
40,CASH_IN,70802.4,C963993763,1060917.39,1131719.79,C521592011,727237.49,656435.1,0,0
40,CASH_IN,276467.84,C747454792,1131719.79,1408187.62,C1167124467,299498.45,23030.61,0,0
40,CASH_IN,70630.0,C632250411,1408187.62,1478817.63,C1897901588,430394.71,359764.71,0,0
40,CASH_IN,195790.54,C2102992284,1478817.63,1674608.17,C623055130,261152.99,65362.45,0,0
40,CASH_IN,186100.72,C1866144492,1674608.17,1860708.89,C1226985946,492737.07,308399.65,0,0
40,CASH_IN,157105.53,C695898434,1860708.89,2017814.41,C711133397,343221.18,186115.65,0,0
40,CASH_IN,198271.83,C2005537406,2017814.41,2216086.25,C458216956,269325.67,71053.84,0,0
40,CASH_IN,54799.38,C1116357870,2216086.25,2270885.63,C986203779,562003.62,507204.23,0,0
40,CASH_IN,254024.75,C1976687145,2270885.63,2524910.38,C861702902,973362.04,719337.29,0,0
40,CASH_IN,347684.01,C140293456,2524910.38,2872594.39,C263883701,1933092.4,1593507.87,0,0
40,CASH_IN,34362.12,C803364807,2872594.39,2906956.51,C1695431136,400835.57,366473.45,0,0
40,CASH_IN,262327.42,C1063240673,2906956.51,3169283.93,C1017914062,703008.67,440681.25,0,0
40,CASH_IN,258517.54,C1143232177,3169283.93,3427801.47,C1822328288,472793.19,214275.65,0,0
40,CASH_IN,184354.27,C700423504,3427801.47,3612155.74,C963632471,2494192.49,2309838.22,0,0
40,CASH_IN,43517.3,C345957319,3612155.74,3655673.04,C1761012779,1340331.11,1296813.81,0,0
40,CASH_IN,127268.57,C1428122238,3655673.04,3782941.61,C523282309,1096189.91,968921.34,0,0
40,CASH_IN,121785.31,C870858674,3782941.61,3904726.92,C1972079392,534537.85,412752.54,0,0
40,CASH_IN,76754.49,C1718116738,3904726.92,3981481.41,C258825018,2157562.78,2080808.29,0,0
40,CASH_IN,146447.23,C84620883,3981481.41,4127928.64,C910119139,1798972.64,1652525.41,0,0
40,CASH_IN,118893.58,C728363030,4127928.64,4246822.22,C911863826,245117.97,126224.4,0,0
40,CASH_IN,113382.76,C1502502758,4246822.22,4360204.97,C980070513,2926222.98,3200043.79,0,0
40,CASH_IN,75409.34,C2093957540,4360204.97,4435614.31,C1151765209,148896.08,73486.74,0,0
40,CASH_IN,215497.69,C548035008,4435614.31,4651112.0,C1395966978,377267.17,161769.48,0,0
40,CASH_IN,55913.46,C1151853699,4651112.0,4707025.47,C1980250605,141619.95,85706.49,0,0
40,CASH_IN,248797.84,C1878652446,4707025.47,4955823.3,C2071140198,754216.92,505419.09,0,0
40,CASH_IN,422988.69,C1765627940,4955823.3,5378811.99,C1365259363,1756113.59,1333124.9,0,0
40,CASH_IN,115304.32,C464218266,5378811.99,5494116.31,C634690183,526508.69,490922.83,0,0
40,CASH_IN,193761.59,C1616053392,5494116.31,5687877.91,C1922817002,372637.85,178876.26,0,0
40,CASH_IN,159594.45,C1085953922,5687877.91,5847472.35,C1169638534,333822.93,174228.48,0,0
40,CASH_IN,481225.32,C1137040329,5847472.35,6328697.67,C192502610,894417.95,413192.63,0,0
40,CASH_IN,327449.41,C65705107,6328697.67,6656147.09,C26870958,606602.9,279153.49,0,0
40,CASH_IN,315046.19,C2078631930,6656147.09,6971193.28,C34496538,3015998.82,2700952.63,0,0
40,CASH_IN,300833.21,C1769023811,6971193.28,7272026.49,C1696815029,655268.09,354434.88,0,0
40,CASH_IN,37013.52,C76004407,7272026.49,7309040.01,C508024416,194746.95,157733.43,0,0
40,CASH_IN,27490.7,C1402928696,7309040.01,7336530.71,C985359594,2743992.54,2999073.91,0,0
40,CASH_IN,136271.71,C51681542,7336530.71,7472802.42,C1638313098,4411553.96,4275282.25,0,0
40,CASH_IN,161821.28,C1666159382,7472802.42,7634623.7,C1956985020,324631.28,162810.0,0,0
40,PAYMENT,20183.86,C1511062860,40109.0,19925.14,M2128324360,0.0,0.0,0,0
40,CASH_OUT,484522.86,C1503710588,24207.0,0.0,C475277925,33574.15,518097.01,0,0
40,CASH_OUT,12760.65,C1181233789,61.0,0.0,C2096794735,684870.65,697631.3,0,0
40,CASH_OUT,370508.78,C458186081,6087.0,0.0,C720384023,0.0,370508.78,0,0
40,PAYMENT,5884.07,C948914919,0.0,0.0,M1729870759,0.0,0.0,0,0
40,CASH_OUT,39967.08,C1625786083,21198.0,0.0,C1139985532,1288082.46,1328049.54,0,0
40,PAYMENT,23173.7,C27421643,25453.0,2279.3,M1136181610,0.0,0.0,0,0
40,CASH_OUT,229351.03,C2034539577,21136.0,0.0,C1756370639,862180.81,1091531.84,0,0
40,TRANSFER,233229.26,C625528172,284.0,0.0,C1834863702,3957806.37,4781952.61,0,0
40,CASH_IN,297451.81,C933627453,0.0,297451.81,C598130985,2089559.87,1792108.05,0,0
40,PAYMENT,11750.03,C839918130,297451.81,285701.79,M1869141277,0.0,0.0,0,0
40,CASH_IN,234251.97,C203966001,60752.0,295003.97,C1226718613,56741.92,0.0,0,0
40,CASH_OUT,196186.06,C196619879,31401.0,0.0,C675749322,69132.13,265318.19,0,0
40,CASH_OUT,153041.15,C940215440,148658.0,0.0,C1958810137,0.0,153041.15,0,0
40,PAYMENT,22806.61,C291731121,973.0,0.0,M1605677922,0.0,0.0,0,0
40,CASH_OUT,415733.8,C355821029,3031.0,0.0,C215581475,6528.61,422262.41,0,0
40,CASH_OUT,251277.95,C2033649119,0.0,0.0,C1171018055,2617200.13,2868478.08,0,0
40,CASH_IN,57479.43,C1936401078,5140.0,62619.43,C1361428269,314312.26,256832.83,0,0
40,PAYMENT,9925.21,C163491866,31708.0,21782.79,M924509829,0.0,0.0,0,0
40,CASH_IN,168511.69,C1992430660,100002.0,268513.69,C1586653185,0.0,0.0,0,0
40,CASH_OUT,523233.6,C1545008824,4142.0,0.0,C201399976,2211206.02,2734439.62,0,0
40,PAYMENT,8183.88,C550810432,0.0,0.0,M1083856657,0.0,0.0,0,0
40,PAYMENT,4195.57,C647760754,63592.0,59396.43,M1297390127,0.0,0.0,0,0
40,PAYMENT,18415.77,C1218408054,30040.0,11624.23,M1513065131,0.0,0.0,0,0
40,CASH_OUT,218504.91,C472833287,2364.0,0.0,C1045111572,179892.41,398397.32,0,0
40,PAYMENT,216.58,C1967302991,0.0,0.0,M1184732495,0.0,0.0,0,0
40,PAYMENT,9918.41,C1623274981,0.0,0.0,M183310879,0.0,0.0,0,0
40,CASH_OUT,539362.55,C1787155164,19578.0,0.0,C510523514,495779.24,1035141.78,0,0
40,CASH_OUT,15033.72,C1075320110,134.0,0.0,C593596322,6904376.67,6919410.39,0,0
40,CASH_OUT,89441.32,C689925845,40022.0,0.0,C517356971,0.0,89441.32,0,0
40,PAYMENT,2155.0,C1270920203,932.0,0.0,M253201565,0.0,0.0,0,0
40,PAYMENT,30972.18,C254171444,21451.0,0.0,M1570629571,0.0,0.0,0,0
40,CASH_OUT,290575.62,C322134167,31933.0,0.0,C1923553108,220.0,0.0,0,0
40,TRANSFER,530827.8,C552822024,0.0,0.0,C1410936008,18965693.02,19496520.82,0,0
40,CASH_IN,224771.76,C497121243,67065.0,291836.76,C753135023,0.0,0.0,0,0
40,CASH_OUT,541036.71,C800077907,889.0,0.0,C1227920452,337908.0,967784.17,0,0
40,CASH_OUT,456545.58,C663737066,198053.79,0.0,C1658393750,619110.09,1075655.68,0,0
40,CASH_OUT,318855.86,C485435446,0.0,0.0,C2107349417,1338037.91,1656893.77,0,0
40,PAYMENT,28074.66,C174492639,161342.0,133267.34,M616192096,0.0,0.0,0,0
40,CASH_OUT,241224.78,C2113656479,189.0,0.0,C710756846,16331.56,257556.34,0,0
40,CASH_OUT,375809.14,C414252942,29935.0,0.0,C2094694805,696320.88,1072130.01,0,0
40,CASH_OUT,318142.46,C649508660,0.0,0.0,C1609736652,512508.31,1004994.29,0,0
40,PAYMENT,4859.11,C1354339034,20831.0,15971.89,M1943402876,0.0,0.0,0,0
40,CASH_OUT,102890.56,C1812345863,16.0,0.0,C1468563746,413587.27,886266.49,0,0
40,CASH_OUT,268597.25,C2140811684,60158.0,0.0,C726830470,8390.99,276988.23,0,0
40,PAYMENT,8096.84,C1663652815,0.0,0.0,M1072384207,0.0,0.0,0,0
40,CASH_OUT,95748.36,C1653663033,25058.0,0.0,C1383561377,44209.87,139958.23,0,0
40,CASH_IN,129669.88,C1277820894,70310.0,199979.88,C916146305,1684276.48,1554606.6,0,0
40,PAYMENT,2759.6,C1698130623,473062.0,470302.4,M16772070,0.0,0.0,0,0
40,CASH_OUT,212103.58,C1696821229,26966.0,0.0,C724199553,64392.37,276495.94,0,0
40,PAYMENT,20130.27,C1727507352,697.0,0.0,M952846187,0.0,0.0,0,0
40,CASH_OUT,120243.95,C1192504143,11498.0,0.0,C1847435871,0.0,120243.95,0,0
40,PAYMENT,4297.08,C968255559,0.0,0.0,M1648799618,0.0,0.0,0,0
40,CASH_IN,152803.69,C5524670,20586.0,173389.69,C1009224498,2005478.4,1852674.71,0,0
40,TRANSFER,678708.7,C1719419304,173389.69,0.0,C553602983,2499465.86,3178174.56,0,0
40,CASH_IN,272595.44,C1812134256,26167.0,298762.44,C1584587024,2023357.26,1750761.82,0,0
40,TRANSFER,878841.6,C997159373,10816.0,0.0,C1042190867,0.0,883732.57,0,0
40,CASH_OUT,322963.71,C427621282,241.0,0.0,C960984,1089160.44,1412124.15,0,0
40,CASH_IN,181753.84,C487163940,8082.0,189835.84,C755566277,421734.49,239980.65,0,0
40,CASH_IN,199449.94,C1723546508,70460.0,269909.94,C1468701127,100110.0,0.0,0,0
40,CASH_OUT,489273.08,C639291279,20760.0,0.0,C1516192719,2067286.32,2556559.4,0,0
40,CASH_IN,5349.21,C1480950021,146630.0,151979.21,C885023488,288364.88,288681.36,0,0
40,CASH_OUT,41718.27,C157055617,111344.0,69625.73,C1717024089,315789.08,357507.35,0,0
40,CASH_OUT,207585.92,C914642813,31702.0,0.0,C1400047620,592008.61,860298.55,0,0
40,PAYMENT,1625.47,C1175617685,837578.0,835952.53,M850099451,0.0,0.0,0,0
40,CASH_OUT,390455.78,C1481211997,31136.0,0.0,C986684276,115963.52,506419.31,0,0
40,CASH_OUT,304481.6,C1281493910,280081.0,0.0,C583823160,38180.48,429395.64,0,0
40,CASH_OUT,318364.95,C505822375,0.0,0.0,C1055491325,2035767.84,2354132.78,0,0
40,PAYMENT,31295.19,C1996740412,84758.0,53462.81,M1667037929,0.0,0.0,0,0
40,CASH_IN,274881.55,C1061057455,29432.0,304313.55,C125546496,2922810.85,2647929.3,0,0
40,PAYMENT,9975.13,C282244075,166.0,0.0,M2030124282,0.0,0.0,0,0
40,PAYMENT,4311.24,C2098072193,30101.0,25789.76,M828489092,0.0,0.0,0,0
40,CASH_IN,477443.74,C883498408,12367.0,489810.74,C1470596389,47271.02,0.0,0,0
40,PAYMENT,18523.0,C1144979755,11565.0,0.0,M1239957807,0.0,0.0,0,0
40,PAYMENT,19083.03,C1968789515,8618.0,0.0,M165760853,0.0,0.0,0,0
40,PAYMENT,4058.33,C904605979,0.0,0.0,M1040318384,0.0,0.0,0,0
40,CASH_OUT,260435.57,C19362171,49842.0,0.0,C681954563,202862.27,463297.84,0,0
40,CASH_OUT,151351.1,C37686765,211147.0,59795.9,C1273788316,1102359.91,1253711.01,0,0
40,CASH_OUT,95773.28,C1857066840,35259.0,0.0,C883732083,753311.47,849084.75,0,0
40,CASH_IN,356947.64,C1610422593,36975.0,393922.64,C193952791,296154.75,0.0,0,0
40,CASH_OUT,51784.71,C1701513068,212.0,0.0,C1519784564,371612.59,423397.3,0,0
40,PAYMENT,15043.81,C524365385,52404.0,37360.19,M1973510318,0.0,0.0,0,0
40,CASH_IN,33554.85,C1117866058,30636.0,64190.85,C1648309726,0.0,82480.56,0,0
40,PAYMENT,5574.98,C2135717653,64190.85,58615.87,M1776893395,0.0,0.0,0,0
40,CASH_OUT,313124.6,C389252176,29443.0,0.0,C1633885525,506262.19,819386.79,0,0
40,CASH_IN,24755.5,C1603829220,52.0,24807.5,C2092078494,0.0,0.0,0,0
40,PAYMENT,3963.72,C1139826141,14063.0,10099.28,M1675093973,0.0,0.0,0,0
40,CASH_IN,87491.73,C1749937915,32336.0,119827.73,C2111493452,266565.64,179073.91,0,0
40,PAYMENT,8379.5,C1957087563,105636.0,97256.5,M905542839,0.0,0.0,0,0
40,TRANSFER,231703.08,C1766640786,51815.0,0.0,C1961291618,431873.67,663576.75,0,0
40,PAYMENT,11106.12,C1852956022,0.0,0.0,M744471906,0.0,0.0,0,0
40,PAYMENT,5964.37,C1379754138,47815.0,41850.63,M1570381331,0.0,0.0,0,0
40,CASH_IN,155954.7,C1029763771,523.0,156477.7,C739181519,963310.0,807355.3,0,0
40,PAYMENT,15844.29,C1812331736,156477.7,140633.42,M1434810482,0.0,0.0,0,0
40,CASH_OUT,246692.5,C1491242583,10105.0,0.0,C1353271332,440827.57,687520.08,0,0
40,CASH_OUT,81415.16,C1655524058,210408.32,128993.15,C1009389611,0.0,81415.16,0,0
40,PAYMENT,17506.33,C554539371,128993.15,111486.82,M1605710800,0.0,0.0,0,0
40,CASH_OUT,256955.39,C334073415,72805.0,0.0,C836878317,3348617.05,3605572.44,0,0
40,PAYMENT,33251.69,C454749562,0.0,0.0,M1452403123,0.0,0.0,0,0
40,PAYMENT,7114.8,C550271746,29822.0,22707.2,M2131251946,0.0,0.0,0,0
40,PAYMENT,15809.95,C867504460,580.0,0.0,M1789963000,0.0,0.0,0,0
40,CASH_OUT,289577.11,C703060167,0.0,0.0,C1402042164,3542986.55,3832563.66,0,0
40,CASH_OUT,237828.4,C340082707,0.0,0.0,C1998564810,475592.13,713420.53,0,0
40,CASH_OUT,144945.5,C258018470,0.0,0.0,C1008253989,158010.78,302956.28,0,0
40,CASH_OUT,306222.87,C1617527000,0.0,0.0,C1782113663,9839060.02,10145282.89,0,0
40,CASH_OUT,103039.06,C2002738674,0.0,0.0,C1266035080,6461419.07,6564458.14,0,0
40,CASH_OUT,62571.17,C1227153106,0.0,0.0,C870218239,772795.86,835367.03,0,0
40,CASH_OUT,172725.95,C1311244140,0.0,0.0,C1914048823,2619263.08,2791989.03,0,0
40,CASH_OUT,382712.75,C1659160880,0.0,0.0,C898776232,7790679.54,8772011.49,0,0
40,CASH_OUT,39730.1,C1868150867,0.0,0.0,C1584136489,242877.53,282607.63,0,0
40,CASH_OUT,156711.73,C6564132,34596.0,0.0,C621310521,0.0,156711.73,0,0
40,CASH_OUT,24129.49,C1900640987,0.0,0.0,C643099128,2745182.34,2769311.82,0,0
40,CASH_IN,94838.28,C899715211,21900.0,116738.28,C746916715,0.0,0.0,0,0
40,PAYMENT,4870.81,C395914572,116738.28,111867.47,M907352978,0.0,0.0,0,0
40,CASH_IN,47573.13,C212869161,40374.0,87947.13,C1588569023,0.0,0.0,0,0
40,CASH_OUT,372549.77,C1034276348,255655.79,0.0,C1303240584,0.0,372549.77,0,0
40,PAYMENT,4857.45,C1661498441,0.0,0.0,M2103392817,0.0,0.0,0,0
40,PAYMENT,5400.47,C1885600987,0.0,0.0,M1673139462,0.0,0.0,0,0
40,CASH_OUT,297971.43,C1127255812,61359.0,0.0,C1991270512,63017.53,360988.95,0,0
40,PAYMENT,3536.93,C1203420129,0.0,0.0,M676336361,0.0,0.0,0,0
40,PAYMENT,4680.78,C468787392,0.0,0.0,M1551815701,0.0,0.0,0,0
40,PAYMENT,20652.06,C1317603784,0.0,0.0,M1726385578,0.0,0.0,0,0
40,PAYMENT,54.26,C1946375830,0.0,0.0,M1584921215,0.0,0.0,0,0
40,PAYMENT,4549.39,C1479962416,0.0,0.0,M183448129,0.0,0.0,0,0
40,PAYMENT,12889.04,C1681285740,0.0,0.0,M99862679,0.0,0.0,0,0
40,PAYMENT,14970.37,C1851222262,0.0,0.0,M492384839,0.0,0.0,0,0
40,PAYMENT,12830.23,C1252722306,0.0,0.0,M1367853104,0.0,0.0,0,0
40,PAYMENT,1310.67,C79829550,0.0,0.0,M1348324347,0.0,0.0,0,0
40,PAYMENT,22554.18,C1120950372,0.0,0.0,M771345990,0.0,0.0,0,0
40,PAYMENT,2380.69,C964604605,0.0,0.0,M121812090,0.0,0.0,0,0
40,CASH_OUT,170658.23,C1192349582,26607.0,0.0,C1526448702,1657576.46,1828234.69,0,0
40,PAYMENT,10455.83,C611951316,0.0,0.0,M1759385532,0.0,0.0,0,0
40,PAYMENT,14457.35,C2058198969,189.0,0.0,M864637661,0.0,0.0,0,0
40,CASH_OUT,332422.95,C1510943098,0.0,0.0,C553162522,1455121.89,1787544.84,0,0
40,CASH_OUT,23194.95,C1123333744,0.0,0.0,C290490494,299100.64,322295.58,0,0
40,CASH_OUT,279907.72,C1412606400,0.0,0.0,C1161494433,5335803.28,5615711.01,0,0
40,CASH_OUT,114425.38,C768869921,0.0,0.0,C1761291320,1084087.47,1198512.85,0,0
40,CASH_OUT,8358.47,C246656536,0.0,0.0,C972016672,1318763.15,1327121.63,0,0
40,CASH_OUT,168243.88,C1771294344,0.0,0.0,C2009060227,1441983.63,1610227.51,0,0
40,CASH_OUT,339173.19,C674105043,0.0,0.0,C2145850563,957201.99,918137.56,0,0
40,CASH_OUT,59435.13,C633792761,0.0,0.0,C1183152649,90703.95,150139.08,0,0
40,CASH_OUT,65786.96,C907428151,0.0,0.0,C413400814,3719674.68,3785461.64,0,0
40,CASH_OUT,245218.97,C1099312883,0.0,0.0,C649405652,450360.73,695579.69,0,0
40,CASH_OUT,26268.4,C432447630,0.0,0.0,C1217616286,2523027.47,2549295.86,0,0
40,CASH_OUT,156168.32,C190120559,0.0,0.0,C1258989776,163261.64,319429.96,0,0
40,CASH_OUT,102220.63,C265217483,0.0,0.0,C1947150909,389100.07,491320.7,0,0
40,CASH_OUT,28505.48,C2135929719,0.0,0.0,C748316737,256770.61,285276.09,0,0
40,CASH_OUT,97319.56,C1403109056,0.0,0.0,C475979931,1664135.43,1761455.0,0,0
40,CASH_OUT,589182.3,C1883543713,0.0,0.0,C1360913629,771376.12,1444035.33,0,0
40,CASH_OUT,87546.31,C140299231,0.0,0.0,C1396251115,462010.66,549556.97,0,0
40,CASH_OUT,179612.92,C168428968,0.0,0.0,C1470024650,9415687.8,9595300.72,0,0
40,CASH_OUT,89418.78,C1417932183,0.0,0.0,C1684470782,1544353.49,1633772.27,0,0
40,CASH_OUT,508297.94,C5695030,0.0,0.0,C500242946,826936.11,1335234.05,0,0
40,CASH_OUT,186567.23,C1849346000,0.0,0.0,C1618985126,263983.77,450551.0,0,0
40,CASH_OUT,110491.97,C877115642,0.0,0.0,C555247474,567742.96,678234.93,0,0
40,CASH_OUT,150299.39,C2137199792,0.0,0.0,C456075977,297697.78,447997.17,0,0
40,CASH_OUT,221273.34,C1211312700,10201.0,0.0,C1379129680,302949.38,524222.72,0,0
40,CASH_OUT,13272.73,C1880055981,23780.0,10507.27,C1643874587,164850.77,178123.5,0,0
40,CASH_OUT,7666.23,C2030470718,21298.0,13631.77,C1759823341,2055726.33,2063392.56,0,0
40,CASH_IN,192564.93,C514313018,694.0,193258.93,C483221750,21654.14,0.0,0,0
40,CASH_OUT,200663.86,C1326739480,6338.0,0.0,C551456879,0.0,200663.86,0,0
40,TRANSFER,485743.39,C1142258527,67069.0,0.0,C68171031,42520.5,528263.9,0,0
40,CASH_OUT,106413.93,C166670997,53586.0,0.0,C854712710,0.0,106413.93,0,0
40,CASH_IN,388552.53,C699516553,47336.0,435888.53,C1542755518,0.0,0.0,0,0
40,TRANSFER,373744.1,C1170859799,126.0,0.0,C131307582,980643.78,1354387.88,0,0
40,PAYMENT,14016.38,C719958898,41182.0,27165.62,M1516394272,0.0,0.0,0,0
40,PAYMENT,26103.58,C2101364587,105294.0,79190.42,M2000414347,0.0,0.0,0,0
40,CASH_OUT,51404.34,C271493437,123813.0,72408.66,C437672147,3017700.4,3069104.74,0,0
40,CASH_OUT,229951.15,C1480406863,101148.0,0.0,C1583761139,3699638.59,3929589.74,0,0
40,CASH_OUT,53362.35,C658069564,81003.0,27640.65,C1912553046,2174424.82,2108458.95,0,0
40,CASH_OUT,50256.19,C253685230,27640.65,0.0,C714628006,874242.24,924498.43,0,0
40,CASH_OUT,406883.89,C1788660337,0.0,0.0,C1529690262,2358529.77,3044959.6,0,0
40,PAYMENT,2330.54,C1537875746,11397.0,9066.46,M918508755,0.0,0.0,0,0
40,CASH_IN,453417.4,C1312206455,7015.0,460432.4,C2013888925,45656.32,0.0,0,0
40,CASH_OUT,157266.8,C1123363458,28014.0,0.0,C1907872801,730199.7,887466.5,0,0
40,PAYMENT,5071.74,C1236106993,0.0,0.0,M100180699,0.0,0.0,0,0
40,CASH_OUT,132369.95,C2118578437,87.0,0.0,C2101924004,735963.27,868333.22,0,0
40,CASH_OUT,73140.28,C353138037,560882.0,487741.72,C716660709,809436.75,882577.03,0,0
40,CASH_OUT,191355.38,C930405331,47885.0,0.0,C842984696,5289343.78,5480699.16,0,0
40,CASH_OUT,318421.38,C2002405788,0.0,0.0,C1027716044,1716653.06,2035074.44,0,0
40,PAYMENT,9873.97,C1046298795,20950.0,11076.03,M1217150408,0.0,0.0,0,0
40,PAYMENT,5618.83,C1505221961,11076.03,5457.2,M2089056586,0.0,0.0,0,0
40,PAYMENT,10184.54,C671622761,203772.0,193587.46,M21183709,0.0,0.0,0,0
40,CASH_OUT,127494.66,C1719268393,3513.0,0.0,C219612580,0.0,127494.66,0,0
40,CASH_OUT,157639.74,C971546501,18407.0,0.0,C490792373,98304.0,255943.74,0,0
40,CASH_IN,73513.56,C1354423743,17920.0,91433.56,C540385507,435760.55,362246.99,0,0
40,CASH_OUT,34693.13,C1208465057,20261.0,0.0,C2125012025,5003713.06,5038406.19,0,0
40,CASH_IN,20110.16,C1635175220,487592.0,507702.16,C2013551777,236531.72,34313.17,0,0
40,CASH_OUT,358929.96,C480207912,198565.0,0.0,C94637457,224836.95,583766.91,0,0
40,CASH_OUT,52364.73,C449709345,10329.0,0.0,C1924941349,900713.48,953078.21,0,0
40,TRANSFER,950782.25,C1871256167,466.0,0.0,C1979460535,65267.7,1016049.95,0,0
40,CASH_OUT,397189.53,C946951113,20381.0,0.0,C1232579010,2143824.71,2541014.23,0,0
40,CASH_IN,340759.37,C1604902603,19296.0,360055.37,C21781546,46350.8,0.0,0,0
40,CASH_OUT,52610.86,C900017938,804.0,0.0,C1501363617,0.0,52610.86,0,0
40,PAYMENT,9136.36,C316166627,241.0,0.0,M537241450,0.0,0.0,0,0
40,CASH_OUT,68601.06,C969046823,16497.0,0.0,C640491834,0.0,68601.06,0,0
40,CASH_IN,87603.57,C620957362,367748.0,455351.57,C1034382650,2285240.81,2197637.24,0,0
40,PAYMENT,2765.31,C1971586232,49308.0,46542.69,M2025309077,0.0,0.0,0,0
40,CASH_IN,3089.1,C1376163047,747237.0,750326.1,C181602403,0.0,0.0,0,0
40,CASH_OUT,299027.63,C1875732107,15277.0,0.0,C1626599444,50295.6,349323.23,0,0
40,CASH_IN,124882.84,C976817678,59742.0,184624.84,C634110439,0.0,0.0,0,0
40,PAYMENT,12287.66,C2085931447,184624.84,172337.17,M437508982,0.0,0.0,0,0
40,CASH_IN,296042.19,C518922113,209962.0,506004.19,C37358572,196829.96,0.0,0,0
40,PAYMENT,1648.9,C1817520940,506004.19,504355.29,M907435616,0.0,0.0,0,0
40,TRANSFER,1100930.28,C844819391,12661.0,0.0,C1389844993,0.0,1100930.28,0,0
40,TRANSFER,425876.65,C1546053730,10059.0,0.0,C1515125686,970755.19,1445901.02,0,0
40,CASH_OUT,297821.15,C426747009,10536.0,0.0,C1849612847,237801.74,535622.89,0,0
40,PAYMENT,10890.08,C495852690,206789.0,195898.92,M2020346767,0.0,0.0,0,0
40,CASH_OUT,363052.42,C325224728,25.0,0.0,C539523397,150454.35,513506.77,0,0
40,CASH_IN,106196.76,C2001566809,303335.0,409531.76,C1208091389,125865.9,19669.14,0,0
40,CASH_OUT,227122.36,C441091246,17366.0,0.0,C1248884334,170793.65,397916.01,0,0
40,TRANSFER,424251.75,C48419867,0.0,0.0,C1931169875,5756078.62,5839449.95,0,0
40,CASH_IN,283739.75,C89110294,8647.0,292386.75,C1151263496,226086.14,0.0,0,0
40,CASH_OUT,205119.86,C427605074,19.0,0.0,C2086663478,16573.0,221692.86,0,0
40,PAYMENT,20895.44,C1474110503,48661.0,27765.56,M1133211851,0.0,0.0,0,0
40,CASH_OUT,132549.16,C998545579,27765.56,0.0,C1776971477,2791979.76,2924528.93,0,0
40,CASH_OUT,237279.63,C1206267301,452501.0,215221.37,C1697904266,258288.01,85251.25,0,0
40,CASH_OUT,352853.73,C2032457058,40014.0,0.0,C2142187582,0.0,352853.73,0,0
40,CASH_OUT,22532.48,C1639051173,94645.0,72112.52,C1007135217,675860.12,1016347.28,0,0
40,CASH_IN,5829.87,C2129617656,120365.85,126195.71,C147877149,372099.34,366269.47,0,0
40,PAYMENT,11684.21,C143844229,126195.71,114511.5,M1472378928,0.0,0.0,0,0
40,CASH_OUT,440579.14,C971028906,12304.0,0.0,C1945886353,1671604.59,2112183.72,0,0
40,CASH_OUT,21182.82,C1008596172,24232.0,3049.18,C1801506216,79560.7,100743.51,0,0
40,CASH_OUT,195090.63,C596420097,107813.0,0.0,C156502301,0.0,199338.34,0,0
40,CASH_IN,123117.25,C1640860024,45818.0,168935.25,C1594019158,0.0,0.0,0,0
40,CASH_IN,93424.62,C1566331138,24202.0,117626.62,C1677375515,165636.84,72212.22,0,0
40,CASH_OUT,10059.26,C246707697,52006.0,41946.74,C208142544,0.0,10059.26,0,0
40,PAYMENT,9209.01,C1221486216,41946.74,32737.73,M1170583712,0.0,0.0,0,0
40,PAYMENT,2066.12,C2058235227,32737.73,30671.61,M1461244930,0.0,0.0,0,0
40,PAYMENT,484.91,C1817772623,30671.61,30186.7,M74575828,0.0,0.0,0,0
40,PAYMENT,2262.25,C255774452,30186.7,27924.45,M504869845,0.0,0.0,0,0
40,PAYMENT,8054.25,C980980002,27924.45,19870.21,M830260982,0.0,0.0,0,0
40,PAYMENT,7825.57,C1221392195,19870.21,12044.63,M1801874580,0.0,0.0,0,0
40,PAYMENT,2688.73,C367595867,12044.63,9355.9,M1123364454,0.0,0.0,0,0
40,PAYMENT,1375.85,C1840037780,9355.9,7980.05,M905346169,0.0,0.0,0,0
40,PAYMENT,4034.23,C1757990997,7980.05,3945.82,M61162804,0.0,0.0,0,0
40,CASH_OUT,169771.57,C201136843,6632.0,0.0,C1131900559,138235.06,173096.21,0,0
40,PAYMENT,17142.19,C225356409,217305.0,200162.81,M587897337,0.0,0.0,0,0
40,CASH_OUT,131870.83,C170914889,200162.81,68291.98,C1603312599,1768050.63,1954347.53,0,0
40,PAYMENT,5237.23,C1768393861,26308.0,21070.77,M287493810,0.0,0.0,0,0
40,PAYMENT,14416.05,C1720731710,21070.77,6654.72,M333997337,0.0,0.0,0,0
40,CASH_IN,35981.3,C1178517573,10043.0,46024.3,C1347342392,0.0,0.0,0,0
40,CASH_OUT,68183.85,C1106170222,50450.0,0.0,C1208238026,3265816.69,3715396.2,0,0
40,CASH_IN,448263.1,C626766037,81429.0,529692.1,C265359861,0.0,0.0,0,0
40,PAYMENT,14834.2,C1976293834,529692.1,514857.9,M1170670558,0.0,0.0,0,0
40,CASH_OUT,197024.1,C1922420649,10988.0,0.0,C1579583443,0.0,197024.1,0,0
40,CASH_OUT,229776.87,C179307574,50730.0,0.0,C1417116945,226506.61,456283.49,0,0
40,CASH_OUT,159389.66,C564042019,30823.0,0.0,C78928520,0.0,159389.66,0,0
40,CASH_OUT,46369.6,C1547347773,39601.0,0.0,C2116881486,0.0,46369.6,0,0
40,CASH_OUT,33593.87,C971668,731.0,0.0,C2098966695,0.0,33593.87,0,0
40,TRANSFER,34273.59,C177600023,0.0,0.0,C317983984,4834559.52,4868833.11,0,0
40,TRANSFER,489101.32,C1603740135,0.0,0.0,C384264129,3026073.77,3515175.09,0,0
40,TRANSFER,732417.12,C1453155943,0.0,0.0,C1154592510,9024846.99,9757264.11,0,0
40,TRANSFER,373273.52,C544836947,0.0,0.0,C763424047,1218785.59,1592059.11,0,0
40,TRANSFER,189521.81,C100262405,0.0,0.0,C1157464567,1016746.14,1206267.94,0,0
40,TRANSFER,240410.36,C1669821252,0.0,0.0,C1174133593,363187.26,603597.61,0,0
40,TRANSFER,20394.5,C1586794253,0.0,0.0,C468456902,168024.58,188419.09,0,0
40,TRANSFER,708443.99,C845910681,0.0,0.0,C1759870142,3981364.12,4694919.05,0,0
40,TRANSFER,246179.66,C2026419995,0.0,0.0,C659824722,921567.45,1167747.11,0,0
40,TRANSFER,26647.28,C546174485,0.0,0.0,C367464003,2732778.77,2759426.05,0,0
40,TRANSFER,88985.48,C1511782894,0.0,0.0,C763877378,3364665.57,3453651.05,0,0
40,TRANSFER,268503.03,C881481582,0.0,0.0,C169330666,1089080.57,1357583.59,0,0
40,TRANSFER,1737946.08,C164056715,0.0,0.0,C340284091,2744863.31,4715138.05,0,0
40,TRANSFER,852475.97,C1186278648,0.0,0.0,C106155415,4317049.5,5169525.47,0,0
40,TRANSFER,723360.18,C1139046729,0.0,0.0,C1064111253,4828801.16,5552161.34,0,0
40,TRANSFER,818614.19,C632518524,0.0,0.0,C776917345,2181361.49,2999975.68,0,0
40,TRANSFER,1200195.83,C372491863,0.0,0.0,C20671747,6465539.28,7974412.27,0,0
40,TRANSFER,105361.14,C2031020677,0.0,0.0,C1918646855,116882.32,222243.46,0,0
40,TRANSFER,1735248.14,C432077532,0.0,0.0,C1966473805,4287311.06,6022559.19,0,0
40,TRANSFER,964929.79,C670463503,0.0,0.0,C581015888,1665010.52,2629940.31,0,0
40,TRANSFER,358897.13,C805248472,0.0,0.0,C1488956737,682308.74,1041205.87,0,0
40,TRANSFER,310915.16,C564891744,0.0,0.0,C1761052743,2737150.86,2821774.65,0,0
40,PAYMENT,16592.51,C1059293331,152549.0,135956.49,M728876918,0.0,0.0,0,0
40,CASH_OUT,2479.75,C2083982877,29226.94,26747.2,C1866680683,0.0,2479.75,0,0
40,TRANSFER,376455.62,C31635819,26747.2,0.0,C1300204811,501177.27,877632.89,0,0
40,CASH_IN,75203.02,C581361364,608173.0,683376.02,C1575018388,210722.49,135519.47,0,0
40,TRANSFER,1432401.3,C122288001,439472.79,0.0,C1982591789,7659081.93,9091483.23,0,0
40,PAYMENT,2906.92,C1137333907,0.0,0.0,M1467450976,0.0,0.0,0,0
40,PAYMENT,10650.98,C1135845924,20829.0,10178.02,M185511980,0.0,0.0,0,0
40,CASH_OUT,289071.43,C450957584,10178.02,0.0,C471415588,613673.78,902745.21,0,0
40,CASH_OUT,246728.43,C1900990634,23122.0,0.0,C1991409601,21314702.37,21561430.8,0,0
40,CASH_OUT,37561.76,C800255525,0.0,0.0,C711824409,2326969.99,2364531.75,0,0
40,CASH_IN,332156.31,C1371776047,10551.0,342707.31,C1452629183,5154836.37,4822680.07,0,0
40,TRANSFER,769659.98,C1136154262,342707.31,0.0,C661989694,4375133.54,5144793.52,0,0
40,CASH_OUT,480991.66,C1156847051,44505.0,0.0,C1475375974,0.0,480991.66,0,0
40,CASH_OUT,163971.23,C2081360054,9523.0,0.0,C483287972,12564987.56,12728958.79,0,0
40,CASH_OUT,175380.87,C815868356,150.0,0.0,C1613685354,752546.74,927927.62,0,0
40,PAYMENT,3122.61,C825021856,26.0,0.0,M1427293187,0.0,0.0,0,0
40,CASH_OUT,463386.15,C1373387951,39953.0,0.0,C937018135,203926.46,667312.6,0,0
40,CASH_IN,701423.68,C1753923673,419.0,701842.68,C864871920,34975.24,0.0,0,0
40,CASH_IN,42973.92,C1063033149,1413.0,44386.92,C1613719245,0.0,0.0,0,0
40,CASH_IN,361307.21,C2091741193,159656.0,520963.21,C1888439681,13935573.02,13634550.42,0,0
40,CASH_OUT,91212.28,C1285821047,21755.0,0.0,C1898745481,1128762.56,1219974.84,0,0
40,PAYMENT,8486.9,C1913818034,31168.0,22681.1,M693924284,0.0,0.0,0,0
40,CASH_OUT,149789.82,C1055285670,70738.0,0.0,C1251278639,1332798.72,1482588.54,0,0
40,CASH_OUT,57404.0,C1379789735,889.0,0.0,C290856254,74488.69,131892.7,0,0
40,CASH_OUT,184048.28,C873772361,1118.0,0.0,C68672474,492865.34,676913.62,0,0
40,CASH_OUT,226031.4,C2114974694,827.0,0.0,C1992275737,0.0,226031.4,0,0
40,CASH_OUT,174654.86,C1936283344,0.0,0.0,C944407195,490846.32,665501.18,0,0
40,TRANSFER,474268.86,C1320479689,11351.0,0.0,C2074118913,5577078.31,6035719.49,0,0
40,PAYMENT,9614.71,C1604039083,0.0,0.0,M1586162045,0.0,0.0,0,0
40,PAYMENT,5900.41,C1735195562,0.0,0.0,M250588717,0.0,0.0,0,0
40,PAYMENT,2885.9,C209404082,0.0,0.0,M87261505,0.0,0.0,0,0
40,PAYMENT,4321.45,C84052966,0.0,0.0,M1987040173,0.0,0.0,0,0
40,PAYMENT,1579.59,C549937922,0.0,0.0,M971495378,0.0,0.0,0,0
40,PAYMENT,4745.45,C682309299,0.0,0.0,M550599344,0.0,0.0,0,0
40,PAYMENT,8147.81,C991281883,0.0,0.0,M1011600172,0.0,0.0,0,0
40,CASH_OUT,231098.8,C1294232760,13517.0,0.0,C2133033221,0.0,231098.8,0,0
40,CASH_OUT,307421.07,C1712032598,14884.0,0.0,C1412572692,1031987.16,1339408.23,0,0
40,CASH_OUT,16022.88,C1931316822,20536.0,4513.12,C882639677,1959463.25,1975486.13,0,0
40,CASH_OUT,223167.8,C300755378,11385.0,0.0,C1545242363,2720540.05,2943707.86,0,0
40,CASH_OUT,184392.87,C2135082651,0.0,0.0,C2147142316,1321522.43,1505915.3,0,0
40,CASH_OUT,14925.04,C1168749342,0.0,0.0,C926045536,11522265.93,11759823.37,0,0
40,PAYMENT,23297.33,C1524230851,20085.0,0.0,M570554515,0.0,0.0,0,0
40,PAYMENT,3319.69,C1268683862,0.0,0.0,M1135083384,0.0,0.0,0,0
40,PAYMENT,20634.56,C1455266365,0.0,0.0,M2069181721,0.0,0.0,0,0
40,TRANSFER,234678.05,C1146495489,3004.0,0.0,C459928406,33089.14,267767.19,0,0
40,CASH_IN,126498.6,C955664844,32076.0,158574.6,C1436656399,57433.2,0.0,0,0
40,PAYMENT,1740.91,C35668125,158574.6,156833.69,M1343176765,0.0,0.0,0,0
40,PAYMENT,19919.97,C633091607,156833.69,136913.72,M789488453,0.0,0.0,0,0
40,PAYMENT,15941.53,C791292561,136913.72,120972.2,M93227489,0.0,0.0,0,0
40,CASH_OUT,1383.32,C1095113673,7531.0,6147.68,C1397393962,84599.09,85982.41,0,0
40,PAYMENT,224.0,C453545007,6147.68,5923.68,M1695044477,0.0,0.0,0,0
40,CASH_OUT,319202.93,C339222460,21840.0,0.0,C1047864113,406954.34,726157.27,0,0
40,PAYMENT,11349.32,C1708246689,11656.0,306.68,M988235712,0.0,0.0,0,0
40,CASH_IN,426987.02,C492009562,49454.0,476441.02,C632622999,0.0,0.0,0,0
40,CASH_OUT,105407.01,C1237471667,106514.0,1106.99,C28708826,4997839.91,5103246.92,0,0
40,CASH_OUT,2193.79,C575496932,100083.0,97889.21,C263450656,0.0,131903.23,0,0
40,CASH_OUT,233089.13,C571795498,96654.0,0.0,C1175169826,679627.89,912717.02,0,0
40,CASH_OUT,116546.71,C612619674,154.0,0.0,C508247694,2765841.52,2882388.23,0,0
40,PAYMENT,11236.3,C2132236144,0.0,0.0,M914640948,0.0,0.0,0,0
40,PAYMENT,15825.7,C861191030,0.0,0.0,M155289475,0.0,0.0,0,0
40,CASH_IN,172639.6,C1286139148,10554.0,183193.6,C195600860,168983.38,0.0,0,0
40,CASH_OUT,233144.56,C1488519517,81761.0,0.0,C1677584716,369470.09,602614.65,0,0
40,CASH_OUT,169614.94,C1310760503,49998.0,0.0,C1671597127,0.0,169614.94,0,0
40,TRANSFER,384173.62,C1272473071,80716.0,0.0,C1586724699,499169.13,883342.75,0,0
40,CASH_OUT,332592.94,C1083384085,0.0,0.0,C2060815346,2823563.34,3156156.29,0,0
40,CASH_IN,144002.56,C1345348531,59771.0,203773.56,C603582245,0.0,0.0,0,0
40,PAYMENT,5359.29,C439062180,203773.56,198414.27,M307521299,0.0,0.0,0,0
40,PAYMENT,10778.52,C1268148165,198414.27,187635.75,M417900799,0.0,0.0,0,0
40,PAYMENT,3232.53,C1592806376,187635.75,184403.22,M1873658842,0.0,0.0,0,0
40,PAYMENT,5615.53,C394082725,184403.22,178787.69,M1242551525,0.0,0.0,0,0
40,PAYMENT,4301.07,C385644871,178787.69,174486.62,M399432529,0.0,0.0,0,0
40,PAYMENT,11434.3,C1761634332,174486.62,163052.32,M1570513189,0.0,0.0,0,0
40,PAYMENT,6052.41,C677334416,163052.32,156999.9,M1235881881,0.0,0.0,0,0
40,PAYMENT,3996.57,C587259448,156999.9,153003.34,M531187316,0.0,0.0,0,0
40,CASH_IN,531699.85,C1296612316,52631.0,584330.85,C1310962737,329818.9,0.0,0,0
40,CASH_OUT,459698.82,C1409790763,8015.0,0.0,C719711595,0.0,1029563.36,0,0
40,PAYMENT,1317.96,C1909675661,63425.0,62107.04,M605824037,0.0,0.0,0,0
40,CASH_OUT,167794.06,C738389281,15648.0,0.0,C1474439558,104352.52,856890.31,0,0
40,CASH_OUT,252941.29,C1173720417,0.0,0.0,C1118356505,1660654.95,1913596.24,0,0
40,CASH_OUT,30816.45,C779734124,30153.0,0.0,C1840453957,4852841.83,4883658.29,0,0
40,PAYMENT,15183.31,C1803679882,0.0,0.0,M1347513150,0.0,0.0,0,0
40,CASH_OUT,326744.25,C967211728,22005.0,0.0,C1365291553,0.0,326744.25,0,0
40,PAYMENT,26727.22,C1499253540,22759.0,0.0,M1040006445,0.0,0.0,0,0
40,PAYMENT,10297.36,C1714334007,216.0,0.0,M1817460696,0.0,0.0,0,0
40,PAYMENT,7929.26,C1399770269,0.0,0.0,M128882568,0.0,0.0,0,0
40,TRANSFER,737393.87,C341500251,357.0,0.0,C78560461,0.0,737393.87,0,0
40,CASH_OUT,223997.15,C1505601271,107507.0,0.0,C1337522077,0.0,223997.15,0,0
40,PAYMENT,22785.89,C2081592185,76097.0,53311.11,M259217828,0.0,0.0,0,0
40,CASH_OUT,22067.16,C1281372456,32228.0,10160.84,C905423353,0.0,22067.16,0,0
40,PAYMENT,3833.61,C2027859021,10160.84,6327.22,M280981876,0.0,0.0,0,0
40,CASH_OUT,317389.76,C93627582,20351.0,0.0,C2023352135,0.0,317389.76,0,0
40,CASH_OUT,29683.61,C1211120725,0.0,0.0,C78117761,3806697.37,3836380.99,0,0
40,CASH_IN,241821.67,C1157713370,10657.0,252478.67,C252007654,67412.57,0.0,0,0
40,CASH_IN,4577.56,C777957599,25104.0,29681.56,C320349185,0.0,0.0,0,0
40,CASH_OUT,151110.95,C240075006,141626.0,0.0,C130244937,0.0,151110.95,0,0
40,PAYMENT,11904.31,C1196689398,0.0,0.0,M150269275,0.0,0.0,0,0
40,PAYMENT,832.64,C1400339666,10424.0,9591.36,M659263218,0.0,0.0,0,0
40,PAYMENT,7979.37,C1078416986,9591.36,1611.99,M1870067004,0.0,0.0,0,0
40,PAYMENT,6403.07,C118461932,1611.99,0.0,M2085140449,0.0,0.0,0,0
40,CASH_OUT,198659.82,C113757108,31178.0,0.0,C1888403302,29375.84,228035.67,0,0
40,CASH_IN,32681.01,C1581252933,13252.0,45933.01,C1581067516,3081458.24,3048777.23,0,0
40,CASH_OUT,207225.79,C630939540,8692.0,0.0,C1317637094,167053.44,374279.23,0,0
40,CASH_OUT,327064.46,C475337593,2341.0,0.0,C1003529551,0.0,327064.46,0,0
40,CASH_IN,10412.3,C620224812,640.0,11052.3,C594509817,3098404.89,3087992.58,0,0
40,PAYMENT,3104.98,C2061731550,374.0,0.0,M91951593,0.0,0.0,0,0
40,CASH_OUT,259974.3,C822154468,10940.0,0.0,C859483267,0.0,259974.3,0,0
40,CASH_OUT,247990.35,C711224681,5542.0,0.0,C273096618,0.0,247990.35,0,0
40,CASH_IN,113397.37,C1289214861,50011.0,163408.37,C1069587595,352825.47,233129.86,0,0
40,CASH_OUT,146598.41,C293498791,1195.0,0.0,C159940962,0.0,146598.41,0,0
40,CASH_IN,113772.14,C685895512,122596.0,236368.14,C1176121599,424568.68,310796.54,0,0
40,PAYMENT,16880.27,C560451592,6572.0,0.0,M1394502682,0.0,0.0,0,0
40,CASH_IN,216742.31,C830419593,515.0,217257.31,C624794830,2793846.93,2577104.63,0,0
40,PAYMENT,998.77,C373522641,217257.31,216258.53,M163308929,0.0,0.0,0,0
40,CASH_OUT,161961.11,C694498832,265.0,0.0,C137073075,148206.6,310167.71,0,0
40,PAYMENT,3396.92,C1632019151,30362.0,26965.08,M1804202814,0.0,0.0,0,0
40,PAYMENT,8836.09,C1028162595,61322.0,52485.91,M1033756716,0.0,0.0,0,0
40,CASH_OUT,167202.54,C1763274122,175164.0,7961.46,C2140450868,39953.83,207156.38,0,0
40,PAYMENT,3584.89,C1294820244,7961.46,4376.57,M876449678,0.0,0.0,0,0
40,PAYMENT,10552.35,C1718846885,4376.57,0.0,M1143259612,0.0,0.0,0,0
40,PAYMENT,9142.86,C1655913231,0.0,0.0,M984258856,0.0,0.0,0,0
40,PAYMENT,7632.37,C1074691445,0.0,0.0,M575045257,0.0,0.0,0,0
40,PAYMENT,3984.99,C1498829453,0.0,0.0,M937157462,0.0,0.0,0,0
40,PAYMENT,10986.45,C68011277,0.0,0.0,M363745587,0.0,0.0,0,0
40,PAYMENT,2772.29,C2122824497,0.0,0.0,M372123364,0.0,0.0,0,0
40,PAYMENT,2329.22,C2095164545,0.0,0.0,M455171559,0.0,0.0,0,0
40,PAYMENT,6545.53,C1480340353,0.0,0.0,M1061300068,0.0,0.0,0,0
40,CASH_OUT,292766.54,C1312162217,14218.0,0.0,C1247584170,1972556.83,2265323.37,0,0
40,PAYMENT,3625.89,C1609151469,11016.0,7390.11,M1727017898,0.0,0.0,0,0
40,PAYMENT,3330.11,C1218920727,7390.11,4060.0,M920795875,0.0,0.0,0,0
40,TRANSFER,446901.91,C604410121,106565.0,0.0,C1167432890,2330674.72,2777576.64,0,0
40,TRANSFER,807670.69,C1133284160,0.0,0.0,C773765215,1560435.62,2368106.31,0,0
40,CASH_IN,87674.6,C827446751,354390.0,442064.6,C536768224,2857701.69,2770027.08,0,0
40,CASH_OUT,313923.82,C373539892,130109.0,0.0,C2017461491,0.0,313923.82,0,0
40,PAYMENT,20852.34,C106795308,40660.0,19807.66,M564976684,0.0,0.0,0,0
40,PAYMENT,835.68,C518789867,19807.66,18971.99,M377888614,0.0,0.0,0,0
40,CASH_OUT,110549.95,C2084059243,37987.0,0.0,C301606086,816409.82,926959.78,0,0
40,CASH_OUT,304071.5,C1001571964,133724.0,0.0,C541258645,825118.03,1129189.53,0,0
40,PAYMENT,11129.77,C1173858467,0.0,0.0,M1672274516,0.0,0.0,0,0
40,PAYMENT,13047.79,C1592419626,129.0,0.0,M1934018989,0.0,0.0,0,0
40,PAYMENT,134.07,C193775062,18590.0,18455.93,M263600305,0.0,0.0,0,0
40,PAYMENT,7725.78,C41475928,268303.0,260577.22,M1194747163,0.0,0.0,0,0
40,PAYMENT,3248.85,C721005150,260577.22,257328.36,M347372544,0.0,0.0,0,0
40,CASH_IN,172189.42,C1349710801,38447.0,210636.42,C677522577,71322.0,0.0,0,0
40,PAYMENT,3376.86,C605571705,6666.0,3289.14,M1138012158,0.0,0.0,0,0
40,CASH_IN,113963.2,C1958191096,29750.0,143713.2,C969458517,814772.97,700809.77,0,0
40,PAYMENT,21197.98,C857478852,6797.0,0.0,M1429326172,0.0,0.0,0,0
40,CASH_OUT,126180.3,C872163163,60129.0,0.0,C1051171872,143002.67,269182.97,0,0
40,PAYMENT,20428.89,C2080122499,1343.0,0.0,M671458574,0.0,0.0,0,0
40,CASH_OUT,218907.23,C1931862651,8957.0,0.0,C1381167433,0.0,218907.23,0,0
40,CASH_OUT,230582.96,C565298619,104511.0,0.0,C1555777479,14800.51,297173.74,0,0
40,CASH_OUT,122378.85,C996353840,0.0,0.0,C740834043,1188868.83,1311247.68,0,0
40,CASH_OUT,101409.34,C1053542535,0.0,0.0,C265197464,345706.45,447115.79,0,0
40,CASH_OUT,254002.2,C1646379807,0.0,0.0,C1300457888,1931768.4,2185770.6,0,0
40,CASH_OUT,187043.33,C1301438205,0.0,0.0,C489619843,627790.66,814833.99,0,0
40,CASH_OUT,241533.64,C1869265624,0.0,0.0,C736651297,438401.59,679935.23,0,0
40,CASH_OUT,151646.26,C260425794,0.0,0.0,C1595421275,417866.72,569512.97,0,0
40,CASH_OUT,43691.0,C1666239382,0.0,0.0,C1993207437,678043.72,721734.72,0,0
40,CASH_OUT,4600.31,C1013580983,0.0,0.0,C23022824,242933.49,493766.62,0,0
40,CASH_OUT,73071.89,C116184472,0.0,0.0,C527785985,372708.02,445779.91,0,0
40,CASH_OUT,16465.48,C655022815,0.0,0.0,C647512890,139986.64,156452.12,0,0
40,CASH_OUT,63491.54,C1113831891,0.0,0.0,C1620531236,2756369.44,2819860.98,0,0
40,CASH_OUT,27799.27,C784355988,0.0,0.0,C70039903,2029358.03,2057157.3,0,0
40,CASH_OUT,72214.79,C1314915009,0.0,0.0,C49477935,219981.77,578859.97,0,0
40,CASH_OUT,87380.35,C1062069744,0.0,0.0,C1462005728,2115765.12,2203145.47,0,0
40,CASH_OUT,413329.51,C1614769899,0.0,0.0,C1022665407,2497966.08,2911295.59,0,0
40,CASH_OUT,85854.2,C1279775882,0.0,0.0,C1420212963,568422.48,654276.68,0,0
40,CASH_OUT,387034.68,C50311625,0.0,0.0,C1108093045,894202.6,1281237.29,0,0
40,CASH_OUT,76842.66,C1389213187,0.0,0.0,C984561614,6235871.8,6312714.46,0,0
40,CASH_OUT,287610.06,C1235141255,0.0,0.0,C1828464506,524299.15,811909.21,0,0
40,CASH_OUT,94684.22,C999271610,0.0,0.0,C269348569,100443.55,195127.77,0,0
40,CASH_OUT,285281.01,C1140929531,0.0,0.0,C365288792,1419935.32,1705216.33,0,0
40,CASH_OUT,76161.55,C2068048086,0.0,0.0,C201696824,89606.21,165767.76,0,0
40,CASH_OUT,57736.59,C1148622787,0.0,0.0,C966580840,5102578.58,5160315.17,0,0
40,PAYMENT,12758.86,C39459211,26732.0,13973.14,M1334406352,0.0,0.0,0,0
40,CASH_OUT,587151.72,C736639151,35011.0,0.0,C1733012681,0.0,587151.72,0,0
40,CASH_OUT,60395.36,C1532000926,99852.0,39456.64,C1895592004,0.0,60395.36,0,0
40,CASH_OUT,234478.97,C152348222,604.0,0.0,C1643716190,142305.66,376784.63,0,0
40,PAYMENT,5520.53,C234861600,29904.0,24383.47,M1740163184,0.0,0.0,0,0
40,PAYMENT,28497.21,C1071962771,6413.0,0.0,M334343687,0.0,0.0,0,0
40,CASH_IN,435334.16,C1673742062,219785.0,655119.16,C1016169799,0.0,0.0,0,0
40,PAYMENT,23640.32,C1108998574,11277.0,0.0,M1529905980,0.0,0.0,0,0
40,CASH_OUT,166034.64,C634618827,96846.0,0.0,C736951206,2432823.9,2598858.54,0,0
40,CASH_IN,117306.02,C1549682089,0.0,117306.02,C1139636566,9517483.84,9400177.82,0,0
40,CASH_OUT,241224.97,C1359418117,10633.0,0.0,C1137666576,185069.71,426294.68,0,0
40,CASH_OUT,123737.82,C250692474,0.0,0.0,C593241077,2020003.3,2143741.12,0,0
40,CASH_OUT,13699.54,C931484852,0.0,0.0,C1095282386,842657.64,856357.18,0,0
40,CASH_OUT,132579.9,C425213152,60287.0,0.0,C1102894978,280720.26,413300.16,0,0
40,CASH_OUT,215162.67,C1882102773,31017.0,0.0,C897184208,2023875.09,2239037.77,0,0
40,TRANSFER,151473.72,C1950415897,0.0,0.0,C1611495327,304469.19,455942.92,0,0
40,TRANSFER,471414.94,C1778198225,0.0,0.0,C142113813,2304541.34,2775956.28,0,0
40,TRANSFER,424281.99,C832223282,0.0,0.0,C480105053,1344527.33,1768809.32,0,0
40,TRANSFER,511608.15,C904887495,0.0,0.0,C1109421585,5806044.02,6317652.17,0,0
40,TRANSFER,94682.5,C1178402391,0.0,0.0,C900325371,2796351.4,2891033.9,0,0
40,TRANSFER,224543.05,C1190626287,0.0,0.0,C1518624258,291666.5,516209.55,0,0
40,TRANSFER,244685.54,C575203371,0.0,0.0,C46388046,699939.56,944625.1,0,0
40,TRANSFER,96518.62,C1821352417,0.0,0.0,C1010589706,234278.95,330797.57,0,0
40,TRANSFER,617.66,C1298150497,0.0,0.0,C1669546416,4831332.51,4831950.17,0,0
40,TRANSFER,234097.38,C938622681,0.0,0.0,C1575085213,2200760.72,2434858.11,0,0
40,TRANSFER,233901.96,C1386123708,0.0,0.0,C1257953798,2601544.49,2835446.45,0,0
40,TRANSFER,240217.03,C1133486759,0.0,0.0,C859764695,941318.7,1181535.73,0,0
40,TRANSFER,1139536.09,C260068747,0.0,0.0,C1058833089,2628783.94,3768320.03,0,0
40,TRANSFER,741649.31,C698529364,0.0,0.0,C488766810,6770193.91,7511843.21,0,0
40,TRANSFER,1655925.84,C261603757,0.0,0.0,C266634593,2364021.47,4019947.31,0,0
40,TRANSFER,101920.0,C825479266,0.0,0.0,C1285349838,672883.35,774803.36,0,0
40,TRANSFER,432852.29,C1016260546,0.0,0.0,C366015139,14098667.81,14531520.1,0,0
40,CASH_IN,4528.18,C4122130,45665.41,50193.59,C1777657824,793428.18,788900.0,0,0
40,CASH_OUT,206707.32,C831898897,50193.59,0.0,C202090161,593093.95,799801.27,0,0
40,CASH_IN,339131.09,C504013697,232638.0,571769.09,C1675148615,241213.38,0.0,0,0
40,PAYMENT,8730.66,C890104693,571769.09,563038.43,M1114936752,0.0,0.0,0,0
40,TRANSFER,693151.5,C1574333858,313824.21,0.0,C1435471959,818195.96,1511347.46,0,0
40,PAYMENT,13233.79,C369875762,0.0,0.0,M1275583685,0.0,0.0,0,0
40,PAYMENT,5840.69,C708315616,230045.0,224204.31,M1148045944,0.0,0.0,0,0
40,PAYMENT,730.18,C209144716,224204.31,223474.13,M2120507187,0.0,0.0,0,0
40,PAYMENT,11131.03,C351878678,223474.13,212343.1,M1047333115,0.0,0.0,0,0
40,PAYMENT,5646.43,C149954449,212343.1,206696.67,M1420903547,0.0,0.0,0,0
40,PAYMENT,5727.82,C157669749,206696.67,200968.85,M1603871346,0.0,0.0,0,0
40,PAYMENT,8011.28,C1461559943,200968.85,192957.56,M164734595,0.0,0.0,0,0
40,PAYMENT,11117.23,C777550013,192957.56,181840.34,M952386998,0.0,0.0,0,0
40,PAYMENT,12171.66,C41406899,181840.34,169668.68,M102144704,0.0,0.0,0,0
40,PAYMENT,4629.46,C1801885487,169668.68,165039.22,M1905628672,0.0,0.0,0,0
40,PAYMENT,2912.09,C1297300424,165039.22,162127.12,M2132899896,0.0,0.0,0,0
40,PAYMENT,13311.5,C539051804,162127.12,148815.63,M2103042190,0.0,0.0,0,0
40,PAYMENT,4417.33,C696256918,148815.63,144398.29,M1561609254,0.0,0.0,0,0
40,PAYMENT,3931.38,C2007490879,144398.29,140466.91,M1170744021,0.0,0.0,0,0
40,PAYMENT,10960.84,C1823301443,140466.91,129506.07,M333906820,0.0,0.0,0,0
40,PAYMENT,13564.28,C1526834910,129506.07,115941.79,M1608247777,0.0,0.0,0,0
40,PAYMENT,63064.89,C1493885470,115941.79,52876.9,M1918513560,0.0,0.0,0,0
40,PAYMENT,12955.47,C616255067,52876.9,39921.43,M607076300,0.0,0.0,0,0
40,PAYMENT,12108.97,C708522821,39921.43,27812.46,M164499819,0.0,0.0,0,0
40,PAYMENT,25344.29,C2012827551,27812.46,2468.18,M712368115,0.0,0.0,0,0
40,PAYMENT,19487.81,C1495757027,2468.18,0.0,M538671077,0.0,0.0,0,0
40,PAYMENT,11556.96,C497238478,0.0,0.0,M422416334,0.0,0.0,0,0
40,PAYMENT,26673.39,C2079278176,0.0,0.0,M11579559,0.0,0.0,0,0
40,PAYMENT,23579.5,C119159886,0.0,0.0,M1916567708,0.0,0.0,0,0
40,PAYMENT,11089.33,C1945179903,0.0,0.0,M1992406446,0.0,0.0,0,0
40,PAYMENT,6595.13,C544153460,0.0,0.0,M910250885,0.0,0.0,0,0
40,CASH_IN,243678.77,C1300032860,171502.0,415180.77,C2114229585,158926.45,0.0,0,0
40,CASH_OUT,17679.58,C921394584,1059.0,0.0,C1182908789,4968888.79,4986568.37,0,0
40,PAYMENT,12230.45,C1856467086,200230.0,187999.55,M1388759972,0.0,0.0,0,0
40,CASH_OUT,173029.75,C2029705901,187999.55,14969.79,C325985233,1225782.25,1398812.0,0,0
40,CASH_OUT,56545.51,C345067447,14969.79,0.0,C1797102502,471941.48,528486.99,0,0
40,CASH_OUT,61775.98,C1097297579,0.0,0.0,C1044135535,239049.54,967126.69,0,0
40,CASH_OUT,149158.23,C630720200,0.0,0.0,C1564295445,1751972.63,1901130.86,0,0
40,CASH_OUT,122545.45,C186224484,0.0,0.0,C1222565867,5531835.55,5654381.0,0,0
40,CASH_OUT,49987.95,C359372103,0.0,0.0,C631200379,92685.51,142673.46,0,0
40,CASH_OUT,109066.39,C1870898039,0.0,0.0,C240190206,1333729.34,1442795.73,0,0
40,CASH_OUT,11022.26,C172508681,0.0,0.0,C641453100,1563980.24,1575002.5,0,0
40,CASH_OUT,209536.7,C1307413131,0.0,0.0,C1440539463,367540.61,577077.3,0,0
40,CASH_OUT,74456.92,C82182108,0.0,0.0,C703969685,403981.0,478437.92,0,0
40,CASH_OUT,70748.64,C1980726316,0.0,0.0,C2066201691,368340.48,439089.12,0,0
